Copyright (c) 1994 - 2015 ZyXEL Communications Corp.
VES1724-56# 7show vdsl-status subcarrier bitAlloc 2 2
7777777777777777777777777777777777777777   
  VDSL status sub-carrier BitAlloc(bits):
  port 02 Down Stream, BpscReqCount=3
            01    02    03    04     05    06    07    08
  -------------------------------------------------------
  (0001)     0     0     0     0      0     0     0     0
  (0009)     0     0     0     0      0     0     0     0
  (0017)     0     0     0     0      0     0     0     0
  (0025)     0     0     0     0      0     0     0     0
  (0033)     0    12    12    13     13    13    14    14
  (0041)    14    14    15    15     15    15    15    15
  (0049)    15    15    15    15     15    15    15    15
  (0057)    15    15    15    15     15    15    15    15
  (0065)    15    15    15    15     15    15    15    15
  (0073)    15    15    15    15     15    15    15    15
  (0081)    15    15    15    15     15    15    15    15
  (0089)    15    15    15    15     15    15    15    15
  (0097)    15    15    15    15     15    15    15    15
  (0105)    15    15    15    15     15    15    15    15
  (0113)    15    15    15    15     15    15    15    15
  (0121)    15    15    15    15     15    15    15    15

  (0129)    15    15    15    15     15    15    15    15
  (0137)    15    15    15    15     15    15    15    15
  (0145)    15    15    15    15     15    15    15    15
  (0153)    15    15    15    15     15    15    15    15
  (0161)    15    15    15    15     15    15    15    15
  (0169)    15    15    15    15     15    15    15    15
  (0177)    15    15    15    15     15    15    15    15
  (0185)    15    15    15    15     15    15    15    15
  (0193)    15    15    15    15     15    15    15    15
  (0201)    15    15    15    15     15    15    15    15
  (0209)    15    15    15    15     15    15    15    15
  (0217)    15    15    15    15     15    15    15    15
  (0225)    15    15    15    15     15    15    15    15
  (0233)    15    15    15    15     15    15     2    15
  (0241)    15    15    15    15     15    15    15    15
  (0249)    15    15    15    15     15    15    15    15

  (0257)    15    15    15    15     15    15    15    15
  (0265)    15    15    15    15     15    15    15    15
  (0273)    15    15    15    15     15    15    15    15
  (0281)    15    15    15    15     15    15    15    15
  (0289)    15    15    15    15     15    15    15    15
  (0297)    15    15    15    15     15    15    15    15
  (0305)    15    15    15    15     15    15    15    15
  (0313)    15    15    15    15     15    15    15    15
  (0321)    15    15    15    15     15    15    15    15
  (0329)    15    15    15    15     15    15    15    15
  (0337)    15    15    15    15     15    15    15    15
  (0345)    15    15    15    15     15    15    15    15
  (0353)    15    15    15    15     15    15    15    15
  (0361)    15    15    15    15     15    15    15    15
  (0369)    15    15    15    15     15    15    15    15
  (0377)    15    15    15    15     15    15    15    15

  (0385)    15    15    15    15     15    15    15    15
  (0393)    15    15    15    15     15    15    15    15
  (0401)    15    15    15    15     15    15    15    15
  (0409)    15    15    15    15     15    15    15    15
  (0417)    15    15    15    15     15    15    15    15
  (0425)    15    15    15    15     15    15    15    15
  (0433)    15    15    15    15     15    15    15    15
  (0441)    15    15    15    15     15    15    15    15
  (0449)    15    15    15    15     15    15    15    15
  (0457)    15    15    15    15     15    15    15    15
  (0465)    15    15    15    15     15    15    15    15
  (0473)    15    15    15    15     15    15    15    15
  (0481)    15    15    15    15     15    15    15    15
  (0489)    15    15    15    15     15    15    15    15
  (0497)    15    15    15    15     15    15    15    15
  (0505)    15    15    15    14     14    13    12     9

  (0513)     0     0     0     0      0     0     0     0
  (0521)     0     0     0     0      0     0     0     0
  (0529)     0     0     0     0      0     0     0     0
  (0537)     0     0     0     0      0     0     0     0
  (0545)     0     0     0     0      0     0     0     0
  (0553)     0     0     0     0      0     0     0     0
  (0561)     0     0     0     0      0     0     0     0
  (0569)     0     0     0     0      0     0     0     0
  (0577)     0     0     0     0      0     0     0     0
  (0585)     0     0     0     0      0     0     0     0
  (0593)     0     0     0     0      0     0     0     0
  (0601)     0     0     0     0      0     0     0     0
  (0609)     0     0     0     0      0     0     0     0
  (0617)     0     0     0     0      0     0     0     0
  (0625)     0     0     0     0      0     0     0     0
  (0633)     0     0     0     0      0     0     0     0

  (0641)     0     0     0     0      0     0     0     0
  (0649)     0     0     0     0      0     0     0     0
  (0657)     0     0     0     0      0     0     0     0
  (0665)     0     0     0     0      0     0     0     0
  (0673)     0     0     0     0      0     0     0     0
  (0681)     0     0     0     0      0     0     0     0
  (0689)     0     0     0     0      0     0     0     0
  (0697)     0     0     0     0      0     0     0     0
  (0705)     0     0     0     0      0     0     0     0
  (0713)     0     0     0     0      0     0     0     0
  (0721)     0     0     0     0      0     0     0     0
  (0729)     0     0     0     0      0     0     0     0
  (0737)     0     0     0     0      0     0     0     0
  (0745)     0     0     0     0      0     0     0     0
  (0753)     0     0     0     0      0     0     0     0
  (0761)     0     0     0     0      0     0     0     0

  (0769)     0     0     0     0      0     0     0     0
  (0777)     0     0     0     0      0     0     0     0
  (0785)     0     0     0     0      0     0     0     0
  (0793)     0     0     0     0      0     0     0     0
  (0801)     0     0     0     0      0     0     0     0
  (0809)     0     0     0     0      0     0     0     0
  (0817)     0     0     0     0      0     0     0     0
  (0825)     0     0     0     0      0     0     0     0
  (0833)     0     0     0     0      0     0     0     0
  (0841)     0     0     0     0      0     0     0     0
  (0849)     0     0     0     0      0     0     0     0
  (0857)     0     0     0     0      0     0     0     0
  (0865)     0     0     0     0      0     0     0     0
  (0873)     0     0     0     0      0     0     0     0
  (0881)     0     0     0     0      0     0     0     0
  (0889)     0     0     0     0      0     0     0     0

  (0897)     0     0     0     0      0     0     0     0
  (0905)     0     0     0     0      0     0     0     0
  (0913)     0     0     0     0      0     0     0     0
  (0921)     0     0     0     0      0     0     0     0
  (0929)     0     0     0     0      0     0     0     0
  (0937)     0     0     0     0      0     0     0     0
  (0945)     0     0     0     0      0     0     0     0
  (0953)     0     0     0     0      0     0     0     0
  (0961)     0     0     0     0      0     0     0     0
  (0969)     0     0     0     0      0     0     0     0
  (0977)     0     0     0     0      0     0     0     0
  (0985)     0     0     0     0      0     0     0     0
  (0993)     0     0     0     0      0     0     0     0
  (1001)     0     0     0     0      0     0     0     0
  (1009)     0     0     0     0      0     0     0     0
  (1017)     0     0     0     0      0     0     0     0

  (1025)     0     0     0     0      0     0     0     0
  (1033)     0     0     0     0      0     0     0     0
  (1041)     0     0     0     0      0     0     0     0
  (1049)     0     0     0     0      0     0     0     0
  (1057)     0     0     0     0      0     0     0     0
  (1065)     0     0     0     0      0     0     0     0
  (1073)     0     0     0     0      0     0     0     0
  (1081)     0     0     0     0      0     0     0     0
  (1089)     0     0     0     0      0     0     0     0
  (1097)     0     0     0     0      0     0     0     0
  (1105)     0     0     0     0      0     0     0     0
  (1113)     0     0     0     0      0     0     0     0
  (1121)     0     0     0     0      0     0     0     0
  (1129)     0     0     0     0      0     0     0     0
  (1137)     0     0     0     0      0     0     0     0
  (1145)     0     0     0     0      0     0     0     0

  (1153)     0     0     0     0      0     0     0     0
  (1161)     0     0     0     0      0     0     0     0
  (1169)     0     0     0     0      0     0     0     0
  (1177)     0     0     0     0      0     0     0     0
  (1185)     0     0     0     0      0     0     0     0
  (1193)     0     0     0     0      0     0     0     0
  (1201)     0     0     0     0      0     0     0     0
  (1209)     0     0     0     0      0     0     0     0
  (1217)     0     0     0     0      0     0     0     0
  (1225)     0     0     0     0      0     0     0     0
  (1233)     0     0     0     0      0     0     0     0
  (1241)     0     0     0     0      0     0     0     0
  (1249)     0     0     0     0      0     0     0     0
  (1257)     0     0     0     0      0     0     0     0
  (1265)     0     0     0     0      0     0     0     0
  (1273)     0     0     0     0      0     0     0     0

  (1281)     0     0     0     0      0     0     0     0
  (1289)     0     0     0     0      0     0     0     0
  (1297)     0     0     0     0      0     0     0     0
  (1305)     0     0     0     0      0     0     0     0
  (1313)     0     0     0     0      0     0     0     0
  (1321)     0     0     0     0      0     0     0     0
  (1329)     0     0     0     0      0     0     0     0
  (1337)     0     0     0     0      0     0     0     0
  (1345)     0     0     0     0      0     0     0     0
  (1353)     0     0     0     0      0     0     0     0
  (1361)     0     0     0     0      0     0     0     0
  (1369)     0     0     0     0      0     0     0     0
  (1377)     0     0     0     0      0     0     0     0
  (1385)     0     0     0     0      0     0     0     0
  (1393)     0     0     0     0      0     0     0     0
  (1401)     0     0     0     0      0     0     0     0

  (1409)     0     0     0     0      0     0     0     0
  (1417)     0     0     0     0      0     0     0     0
  (1425)     0     0     0     0      0     0     0     0
  (1433)     0     0     0     0      0     0     0     0
  (1441)     0     0     0     0      0     0     0     0
  (1449)     0     0     0     0      0     0     0     0
  (1457)     0     0     0     0      0     0     0     0
  (1465)     0     0     0     0      0     0     0     0
  (1473)     0     0     0     0      0     0     0     0
  (1481)     0     0     0     0      0     0     0     0
  (1489)     0     0     0     0      0     0     0     0
  (1497)     0     0     0     0      0     0     0     0
  (1505)     0     0     0     0      0     0     0     0
  (1513)     0     0     0     0      0     0     0     0
  (1521)     0     0     0     0      0     0     0     0
  (1529)     0     0     0     0      0     0     0     0

  (1537)     0     0     0     0      0     0     0     0
  (1545)     0     0     0     0      0     0     0     0
  (1553)     0     0     0     0      0     0     0     0
  (1561)     0     0     0     0      0     0     0     0
  (1569)     0     0     0     0      0     0     0     0
  (1577)     0     0     0     0      0     0     0     0
  (1585)     0     0     0     0      0     0     0     0
  (1593)     0     0     0     0      0     0     0     0
  (1601)     0     0     0     0      0     0     0     0
  (1609)     0     0     0     0      0     0     0     0
  (1617)     0     0     0     0      0     0     0     0
  (1625)     0     0     0     0      0     0     0     0
  (1633)     0     0     0     0      0     0     0     0
  (1641)     0     0     0     0      0     0     0     0
  (1649)     0     0     0     0      0     0     0     0
  (1657)     0     0     0     0      0     0     0     0

  (1665)     0     0     0     0      0     0     0     0
  (1673)     0     0     0     0      0     0     0     0
  (1681)     0     0     0     0      0     0     0     0
  (1689)     0     0     0     0      0     0     0     0
  (1697)     0     0     0     0      0     0     0     0
  (1705)     0     0     0     0      0     0     0     0
  (1713)     0     0     0     0      0     0     0     0
  (1721)     0     0     0     0      0     0     0     0
  (1729)     0     0     0     0      0     0     0     0
  (1737)     0     0     0     0      0     0     0     0
  (1745)     0     0     0     0      0     0     0     0
  (1753)     0     0     0     0      0     0     0     0
  (1761)     0     0     0     0      0     0     0     0
  (1769)     0     0     0     0      0     0     0     0
  (1777)     0     0     0     0      0     0     0     0
  (1785)     0     0     0     0      0     0     0     0

  (1793)     0     0     0     0      0     0     0     0
  (1801)     0     0     0     0      0     0     0     0
  (1809)     0     0     0     0      0     0     0     0
  (1817)     0     0     0     0      0     0     0     0
  (1825)     0     0     0     0      0     0     0     0
  (1833)     0     0     0     0      0     0     0     0
  (1841)     0     0     0     0      0     0     0     0
  (1849)     0     0     0     0      0     0     0     0
  (1857)     0     0     0     0      0     0     0     0
  (1865)     0     0     0     0      0     0     0     0
  (1873)     0     0     0     0      0     0     0     0
  (1881)     0     0     0     0      0     0     0     0
  (1889)     0     0     0     0      0     0     0     0