Copyright (c) 1994 - 2015 ZyXEL Communications Corp.
VES1724-56# 7show vdsl-status subcarrier hlog 2 2
777777777777777777777777777777777777   
  VDSL status sub-carrier Hlog(dB/Hz):
  port 02 Down Stream, group size: 1
           01    02    03    04     05    06    07    08
  ------------------------------------------------------
  (001) -96.0 -96.0 -96.0 -96.0  -96.0 -96.0 -96.0 -96.0
  (009) -96.0 -96.0 -96.0 -96.0  -96.0 -96.0 -96.0 -96.0
  (017) -96.0 -96.0 -96.0 -96.0  -96.0 -96.0 -96.0 -96.0
  (025) -96.0 -96.0 -96.0 -96.0  -96.0 -96.0 -96.0 -96.0
  (033)  -5.1  -4.4  -3.8  -3.3   -2.9  -2.5  -2.0  -1.4
  (041)  -1.0  -0.5  -0.3   0.0    0.2   0.7   1.0   1.4
  (049)   1.7   2.0   2.2   2.3    2.5   2.8   3.0   3.2
  (057)   3.3   3.4   3.5   3.5    3.5   3.6   3.6   3.6
  (065)   3.7   3.7   3.7   3.6    3.7   3.6   3.5   3.6
  (073)   3.5   3.5   3.4   3.4    3.4   3.3   3.3   3.3
  (081)   3.2   3.2   3.2   3.1    3.0   3.0   3.0   3.0
  (089)   2.9   2.9   2.9   2.9    2.8   2.8   2.7   2.7
  (097)   2.7   2.7   2.6   2.6    2.6   2.5   2.5   2.5
  (105)   2.5   2.5   2.5   2.5    2.4   2.4   2.4   2.4
  (113)   2.4   2.4   2.3   2.4    2.3   2.3   2.4   2.3
  (121)   2.3   2.2   2.3   2.3    2.2   2.3   2.2   2.2

  (129)   2.2   2.2   2.2   2.2    2.1   2.2   2.2   2.2
  (137)   2.2   2.2   2.2   2.1    2.2   2.2   2.1   2.2
  (145)   2.2   2.1   2.1   2.2    2.2   2.1   2.1   2.2
  (153)   2.2   2.1   2.2   2.2    2.2   2.1   2.2   2.2
  (161)   2.2   2.2   2.2   2.2    2.2   2.2   2.2   2.2
  (169)   2.2   2.2   2.2   2.2    2.3   2.2   2.2   2.2
  (177)   2.3   2.3   2.2   2.3    2.3   2.3   2.3   2.4
  (185)   2.3   2.3   2.3   2.4    2.4   2.4   2.4   2.4
  (193)   2.4   2.4   2.4   2.4    2.4   2.4   2.4   2.4
  (201)   2.4   2.5   2.5   2.5    2.5   2.5   2.5   2.5
  (209)   2.5   2.5   2.6   2.6    2.6   2.6   2.6   2.5
  (217)   2.5   2.5   2.5   2.5    2.5   2.5   2.5   2.5
  (225)   2.5   2.5   2.5   2.5    2.5   2.5   2.5   2.5
  (233)   2.5   2.4   2.4   2.4    2.4   2.4   2.4   2.4
  (241)   2.4   2.4   2.4   2.4    2.4   2.4   2.4   2.4
  (249)   2.4   2.4   2.4   2.4    2.4   2.4   2.4   2.4

  (257)   2.4   2.3   2.3   2.3    2.3   2.3   2.3   2.3
  (265)   2.3   2.3   2.3   2.3    2.3   2.3   2.2   2.2
  (273)   2.2   2.2   2.2   2.2    2.2   2.2   2.2   2.2
  (281)   2.2   2.2   2.2   2.2    2.2   2.2   2.2   2.2
  (289)   2.2   2.2   2.2   2.2    2.2   2.2   2.2   2.2
  (297)   2.2   2.2   2.2   2.2    2.2   2.2   2.2   2.2
  (305)   2.2   2.2   2.2   2.2    2.2   2.1   2.1   2.1
  (313)   2.1   2.1   2.1   2.1    2.1   2.1   2.1   2.1
  (321)   2.1   2.1   2.1   2.1    2.1   2.1   2.1   2.1
  (329)   2.0   2.0   2.0   2.0    2.0   2.0   2.0   2.0
  (337)   2.0   2.0   2.0   2.0    2.0   2.0   2.0   2.0
  (345)   2.0   2.0   2.0   2.0    2.0   2.0   2.0   2.0
  (353)   2.0   1.9   1.9   2.0    2.0   2.0   2.0   2.0
  (361)   2.0   2.0   2.0   2.0    2.0   2.0   2.0   2.0
  (369)   2.0   2.0   2.0   2.0    2.0   2.1   2.1   2.0
  (377)   2.0   2.0   2.1   2.1    2.1   2.1   2.1   2.1

  (385)   2.1   2.1   2.0   2.1    2.1   2.1   2.1   2.0
  (393)   2.1   2.1   2.1   2.0    2.1   2.1   2.1   2.0
  (401)   2.1   2.1   2.0   2.0    2.1   2.0   2.0   2.0
  (409)   2.0   2.0   2.0   2.0    2.0   2.0   2.0   2.0
  (417)   2.0   2.0   2.0   2.0    1.9   1.9   1.9   1.9
  (425)   1.9   1.9   1.9   1.8    1.7   1.7   1.7   1.7
  (433)   1.7   1.6   1.6   1.5    1.5   1.5   1.4   1.5
  (441)   1.4   1.4   1.3   1.3    1.2   1.2   1.2   1.1
  (449)   1.0   1.0   1.0   0.9    0.9   0.8   0.7   0.7
  (457)   0.6   0.6   0.5   0.4    0.4   0.4   0.3   0.2
  (465)   0.2   0.1   0.0   0.0   -0.1  -0.2  -0.3  -0.3
  (473)  -0.4  -0.5  -0.5  -0.6   -0.7  -0.8  -0.8  -1.0
  (481)  -1.0  -1.0  -1.1  -1.2   -1.3  -1.3  -1.4  -1.5
  (489)  -1.5  -1.6  -1.7  -1.8   -1.8  -1.8  -1.9  -1.9
  (497)  -2.0  -2.1  -2.1  -2.1   -2.1  -2.2  -2.1  -2.2
  (505)  -2.3  -2.3  -2.3  -2.3   -2.3  -2.3  -2.3  -2.2

VES1724-56# 7 
7VES1724-56# 7 
7VES1724-56# 7