Copyright (c) 1994 - 2015 ZyXEL Communications Corp.
VES1724-56# 7show vdsl-status subcarrier qln 2 2
77777777777777777777777777777777777   
  VDSL status sub-carrier QLN(dBm/Hz):
  port 02 Down Stream, group size: 1
            01     02     03     04      05     06     07     08
  --------------------------------------------------------------
  (001) -150.5 -150.5 -150.5 -150.5  -150.5 -150.5 -150.5 -150.5
  (009) -150.5 -150.5 -150.5 -150.5  -150.5 -150.5 -150.5 -150.5
  (017) -150.5 -150.5 -150.5 -150.5  -150.5 -150.5 -150.5 -150.5
  (025) -150.5 -150.5 -150.5 -150.5  -150.5 -150.5 -150.5 -150.5
  (033) -150.5 -121.0 -121.5 -120.5  -120.5 -121.0 -121.0 -121.5
  (041) -120.0 -120.5 -120.5 -120.5  -120.0 -120.5 -119.5 -119.5
  (049) -119.5 -120.0 -119.0 -119.0  -119.0 -119.0 -119.0 -119.0
  (057) -118.5 -119.0 -118.5 -119.0  -119.0 -119.0 -119.0 -119.5
  (065) -118.5 -119.0 -118.5 -119.0  -119.0 -119.0 -119.0 -119.0
  (073) -119.0 -119.0 -119.5 -120.0  -120.0 -119.0 -120.0 -119.5
  (081) -119.0 -119.5 -119.5 -120.5  -119.5 -120.0 -119.5 -119.5
  (089) -120.5 -120.0 -120.5 -119.5  -120.0 -120.5 -120.5 -120.0
  (097) -120.5 -121.0 -121.0 -120.0  -120.5 -120.0 -120.0 -120.5
  (105) -120.5 -120.5 -120.0 -120.0  -120.5 -120.0 -120.5 -120.0
  (113) -120.5 -120.5 -121.5 -120.0  -121.5 -121.0 -121.0 -120.0
  (121) -121.0 -120.5 -121.0 -121.0  -121.5 -121.0 -120.5 -120.5

  (129) -120.5 -120.5 -121.0 -121.5  -121.0 -120.5 -121.0 -120.0
  (137) -121.0 -120.0 -120.0 -120.0  -120.0 -120.0 -120.0 -119.5
  (145) -121.0 -120.5 -120.5 -120.5  -120.5 -120.5 -120.5 -120.5
  (153) -120.5 -120.5 -120.5 -120.5  -121.0 -120.5 -121.0 -121.0
  (161) -121.5 -121.0 -120.5 -120.5  -120.5 -120.5 -120.5 -120.5
  (169) -120.5 -120.0 -120.5 -120.5  -120.0 -121.0 -119.5 -120.5
  (177) -120.5 -120.5 -121.0 -120.5  -121.0 -121.0 -120.0 -120.0
  (185) -120.0 -119.5 -120.5 -119.5  -120.0 -120.0 -120.5 -120.5
  (193) -120.5 -120.5 -120.0 -120.0  -120.5 -120.0 -121.0 -120.5
  (201) -121.0 -120.0 -121.0 -120.0  -120.5 -120.0 -120.5 -121.0
  (209) -120.0 -120.5 -120.0 -120.5  -120.0 -120.0 -120.5 -120.0
  (217) -120.0 -120.5 -120.0 -120.0  -120.0 -120.0 -120.5 -119.5
  (225) -120.5 -120.0 -120.0 -120.0  -120.5 -120.0 -120.5 -121.0
  (233) -121.0 -120.0 -120.5 -120.0  -120.0 -120.0 -121.0 -120.0
  (241) -120.0 -120.0 -120.5 -120.5  -120.0 -119.5 -120.0 -120.5
  (249) -120.5 -120.5 -120.0 -120.0  -120.0 -120.0 -120.0 -121.0

  (257) -120.0 -120.0 -120.0 -119.5  -120.5 -120.5 -120.0 -120.5
  (265) -120.5 -121.0 -121.5 -121.0  -120.5 -120.5 -120.0 -121.0
  (273) -120.5 -120.5 -120.0 -119.5  -121.0 -121.0 -120.5 -121.0
  (281) -120.5 -120.5 -120.0 -121.0  -120.5 -120.5 -120.5 -120.5
  (289) -120.5 -120.5 -120.5 -120.5  -120.5 -121.0 -120.0 -121.0
  (297) -120.5 -120.0 -120.0 -121.0  -120.5 -121.5 -120.5 -120.0
  (305) -120.5 -121.0 -120.5 -120.5  -120.5 -120.5 -120.5 -121.5
  (313) -120.5 -120.5 -121.0 -120.0  -121.0 -120.5 -120.5 -120.5
  (321) -121.0 -120.5 -120.5 -121.0  -121.0 -121.0 -121.0 -120.0
  (329) -120.5 -121.0 -120.5 -120.5  -121.0 -120.5 -121.0 -120.5
  (337) -120.5 -120.0 -121.0 -120.0  -121.5 -120.5 -121.0 -120.5
  (345) -120.5 -120.5 -120.5 -120.0  -120.5 -121.0 -121.0 -120.5
  (353) -120.5 -120.5 -120.0 -120.5  -121.0 -121.0 -120.5 -121.0
  (361) -121.0 -120.5 -121.0 -121.0  -121.0 -120.5 -120.5 -121.0
  (369) -121.0 -121.0 -120.5 -120.0  -120.5 -120.0 -121.0 -121.0
  (377) -120.5 -120.5 -120.5 -120.0  -120.0 -121.0 -120.0 -121.5

  (385) -121.0 -121.0 -120.5 -120.0  -120.5 -119.5 -121.0 -120.5
  (393) -120.5 -120.5 -120.0 -120.5  -120.0 -120.5 -121.0 -120.5
  (401) -120.5 -120.0 -121.0 -121.0  -120.0 -121.5 -121.0 -120.5
  (409) -119.5 -120.5 -120.5 -120.5  -120.5 -120.5 -120.5 -120.5
  (417) -120.5 -120.5 -120.5 -120.5  -121.5 -121.0 -120.5 -120.5
  (425) -120.5 -120.5 -120.5 -120.5  -121.0 -121.0 -120.0 -121.0
  (433) -120.5 -120.5 -121.0 -121.0  -120.5 -120.0 -120.0 -121.0
  (441) -120.5 -120.5 -121.5 -121.5  -120.5 -121.0 -120.5 -121.0
  (449) -120.5 -120.5 -121.0 -121.0  -120.5 -121.0 -121.0 -122.0
  (457) -121.5 -120.5 -121.0 -121.0  -121.5 -121.5 -121.5 -121.0
  (465) -121.5 -121.5 -121.0 -121.0  -120.5 -121.0 -121.5 -121.5
  (473) -121.0 -121.0 -121.0 -121.0  -121.0 -120.5 -122.0 -121.5
  (481) -122.5 -122.0 -122.5 -121.5  -121.5 -122.0 -122.5 -121.5
  (489) -122.5 -122.0 -121.0 -121.0  -121.0 -121.5 -121.0 -122.0
  (497) -121.0 -121.0 -121.5 -121.5  -122.5 -121.5 -121.5 -121.0
  (505) -122.5 -121.5 -121.5 -121.0  -121.0 -121.5 -121.5 -121.0

VES1724-56# 7 
7VES1724-56# 7 
7VES1724-56# 7