Copyright (c) 1994 - 2014 ZyXEL Communications Corp.
VES1724-56# 7show vdsl-status subcarrier snr 23 2
777777777777777777777777777777777777   
  VDSL status sub-carrier SNR(dBm/Hz):
  port 23 Down Stream, group size: 1
           01    02    03    04     05    06    07    08
  ------------------------------------------------------
  (001)   0.0   0.0   0.0   0.0    0.0   0.0   0.0   0.0
  (009)   0.0   0.0   0.0   0.0    0.0   0.0   0.0   0.0
  (017)   0.0   0.0   0.0   0.0    0.0   0.0   0.0   0.0
  (025)   0.0   0.0   0.0   0.0    0.0   0.0   0.0   0.0
  (033)   0.0  39.0  42.0  44.5   46.0  47.5  48.0  49.0
  (041)  49.5  50.5  51.0  51.5   52.5  52.5  53.0  53.0
  (049)  54.0  54.0  54.0  54.5   54.5  55.0  55.0  55.5
  (057)  55.5  56.0  55.5  56.0   56.0  56.0  56.0  56.0
  (065)  56.5  56.5  56.5  56.5   56.5  56.5  57.0  56.5
  (073)  57.0  57.0  57.0  57.0   57.0  57.0  57.0  57.0
  (081)  57.0  57.0  57.0  57.0   57.0  57.0  57.0  57.0
  (089)  57.0  57.0  57.0  57.0   57.0  57.0  57.0  57.0
  (097)  57.5  57.0  57.0  57.0   57.0  57.0  57.0  57.0
  (105)  57.0  57.0  57.0  57.0   57.0  57.0  57.0  57.0
  (113)  57.0  57.0  57.0  57.0   57.0  57.0  57.0  57.0
  (121)  57.0  57.0  57.0  57.0   57.0  57.0  57.0  57.0

  (129)  57.0  57.0  57.0  57.0   57.0  56.5  56.5  57.0
  (137)  57.0  57.0  57.0  56.5   57.0  57.0  57.0  57.0
  (145)  57.0  57.0  57.0  57.0   57.0  57.0  57.0  57.0
  (153)  57.0  57.0  57.0  57.0   57.0  56.5  57.0  57.0
  (161)  57.0  57.0  57.0  57.0   57.0  57.0  57.0  57.0
  (169)  57.0  57.0  57.0  57.0   57.0  56.5  57.0  57.0
  (177)  57.0  57.0  57.0  57.0   56.5  57.0  57.0  57.0
  (185)  57.0  56.5  57.0  57.0   57.0  57.0  57.0  57.0
  (193)  57.0  56.5  57.0  57.0   57.0  57.0  56.5  56.5
  (201)  56.5  56.5  57.0  57.0   56.5  56.5  56.5  57.0
  (209)  57.0  56.5  56.5  56.5   57.0  57.0  57.0  56.5
  (217)  57.0  56.5  57.0  56.5   57.0  57.0  57.0  56.5
  (225)  56.5  56.5  57.0  56.5   56.5  57.0  56.5  56.5
  (233)  57.0  56.5  56.5  57.0   56.5  56.5  56.5  57.0
  (241)  57.0  56.5  57.0  56.5   57.0  57.0  56.5  57.0
  (249)  57.0  56.5  57.0  57.0   56.5  56.5  57.0  57.0

  (257)  57.0  57.0  56.5  57.0   57.0  56.5  56.5  56.5
  (265)  57.0  56.5  56.5  56.5   57.0  56.5  56.5  56.5
  (273)  57.0  56.5  56.5  57.0   56.5  56.5  56.5  56.5
  (281)  57.0  57.0  56.5  56.5   56.5  56.5  57.0  56.5
  (289)  57.0  56.5  56.5  57.0   57.0  56.5  56.5  56.5
  (297)  56.5  57.0  56.5  56.5   56.5  56.5  56.5  56.5
  (305)  56.5  56.5  56.5  57.0   56.5  56.5  57.0  56.5
  (313)  56.5  56.5  56.5  56.5   57.0  56.5  56.5  56.5
  (321)  57.0  56.5  57.0  56.5   56.5  56.5  56.5  56.5
  (329)  57.0  56.5  56.5  56.5   56.5  56.5  56.5  57.0
  (337)  56.5  56.5  56.5  56.5   56.5  56.5  57.0  56.5
  (345)  56.5  56.5  56.5  56.5   56.5  56.5  56.5  56.5
  (353)  56.5  56.5  56.5  56.5   56.5  56.5  56.5  56.5
  (361)  56.5  56.5  56.5  56.5   56.5  56.5  56.5  56.0
  (369)  56.5  56.5  56.5  56.5   56.5  56.5  56.5  56.5
  (377)  56.5  56.5  56.5  56.5   56.5  56.5  56.5  56.5

  (385)  56.5  56.5  56.5  56.5   56.5  56.5  56.5  56.5
  (393)  56.5  56.5  56.5  56.5   56.5  56.5  56.5  56.5
  (401)  56.5  56.5  56.5  56.5   56.5  56.5  56.5  56.5
  (409)  56.5  56.5  56.5  56.5   56.5  56.5  56.5  56.5
  (417)  56.5  56.0  56.5  56.5   56.5  56.0  56.0  56.5
  (425)  56.5  56.0  56.5  56.0   56.5  56.0  56.0  56.0
  (433)  56.5  56.0  56.0  56.0   56.0  56.0  56.0  56.0
  (441)  56.0  56.0  56.0  56.0   56.0  55.5  56.0  56.0
  (449)  56.0  55.5  55.5  55.5   55.5  55.5  55.5  55.5
  (457)  55.5  55.5  55.5  55.0   55.0  55.0  55.0  55.0
  (465)  55.0  54.5  54.5  54.5   54.5  54.5  54.0  54.0
  (473)  54.0  54.0  53.5  53.0   53.5  53.5  53.0  53.0
  (481)  53.0  52.5  52.5  52.5   52.0  52.0  51.5  51.5
  (489)  51.0  51.0  51.0  50.5   50.0  50.0  49.5  49.5
  (497)  49.0  48.5  48.0  48.0   47.5  47.0  46.5  46.5
  (505)  46.0  45.5  45.0  44.5   44.5  43.5  43.0  40.5

VES1724-56# 7 
7VES1724-56# 7 
7VES1724-56# 7 
7VES1724-56# 7 
7VES1724-56# 7 
7VES1724-56# 7