Copyright (c) 1994 - 2014 ZyXEL Communications Corp.
VES1724-56# 7show vdsl-status subcarrier bitAlloc 23 1
77777777777777777777777777777777777777777   
  VDSL status sub-carrier BitAlloc(bits):
  port 23 Up Stream, BpscReqCount=101
            01    02    03    04     05    06    07    08
  -------------------------------------------------------
  (0001)     0     0     0     0      0     0     0     7
  (0009)    10    12    13    14     15    15    15    15
  (0017)    15    15    15    15     15    15    15    15
  (0025)    15    15    15    14     13    12    10     9
  (0033)     0     0     0     0      0     0     0     0
  (0041)     0     0     0     0      0     0     0     0
  (0049)     0     0     0     0      0     0     0     0
  (0057)     0     0     0     0      0     0     0     0
  (0065)     0     0     0     0      0     0     0     0
  (0073)     0     0     0     0      0     0     0     0
  (0081)     0     0     0     0      0     0     0     0
  (0089)     0     0     0     0      0     0     0     0
  (0097)     0     0     0     0      0     0     0     0
  (0105)     0     0     0     0      0     0     0     0
  (0113)     0     0     0     0      0     0     0     0
  (0121)     0     0     0     0      0     0     0     0

  (0129)     0     0     0     0      0     0     0     0
  (0137)     0     0     0     0      0     0     0     0
  (0145)     0     0     0     0      0     0     0     0
  (0153)     0     0     0     0      0     0     0     0
  (0161)     0     0     0     0      0     0     0     0
  (0169)     0     0     0     0      0     0     0     0
  (0177)     0     0     0     0      0     0     0     0
  (0185)     0     0     0     0      0     0     0     0
  (0193)     0     0     0     0      0     0     0     0
  (0201)     0     0     0     0      0     0     0     0
  (0209)     0     0     0     0      0     0     0     0
  (0217)     0     0     0     0      0     0     0     0
  (0225)     0     0     0     0      0     0     0     0
  (0233)     0     0     0     0      0     0     0     0
  (0241)     0     0     0     0      0     0     0     0
  (0249)     0     0     0     0      0     0     0     0

  (0257)     0     0     0     0      0     0     0     0
  (0265)     0     0     0     0      0     0     0     0
  (0273)     0     0     0     0      0     0     0     0
  (0281)     0     0     0     0      0     0     0     0
  (0289)     0     0     0     0      0     0     0     0
  (0297)     0     0     0     0      0     0     0     0
  (0305)     0     0     0     0      0     0     0     0
  (0313)     0     0     0     0      0     0     0     0
  (0321)     0     0     0     0      0     0     0     0
  (0329)     0     0     0     0      0     0     0     0
  (0337)     0     0     0     0      0     0     0     0
  (0345)     0     0     0     0      0     0     0     0
  (0353)     0     0     0     0      0     0     0     0
  (0361)     0     0     0     0      0     0     0     0
  (0369)     0     0     0     0      0     0     0     0
  (0377)     0     0     0     0      0     0     0     0

  (0385)     0     0     0     0      0     0     0     0
  (0393)     0     0     0     0      0     0     0     0
  (0401)     0     0     0     0      0     0     0     0
  (0409)     0     0     0     0      0     0     0     0
  (0417)     0     0     0     0      0     0     0     0
  (0425)     0     0     0     0      0     0     0     0
  (0433)     0     0     0     0      0     0     0     0
  (0441)     0     0     0     0      0     0     0     0
  (0449)     0     0     0     0      0     0     0     0
  (0457)     0     0     0     0      0     0     0     0
  (0465)     0     0     0     0      0     0     0     0
  (0473)     0     0     0     0      0     0     0     0
  (0481)     0     0     0     0      0     0     0     0
  (0489)     0     0     0     0      0     0     0     0
  (0497)     0     0     0     0      0     0     0     0
  (0505)     0     0     0     0      0     0     0     0

  (0513)     0     0     0     0      0     0     0     0
  (0521)     0     0     0     0      0     0     0     0
  (0529)     0     0     0     0      0     0     0     0
  (0537)     0     0     0     0      0     0     0     0
  (0545)     0     0     0     0      0     0     0     0
  (0553)     0     0     0     0      0     0     0     0
  (0561)     0     0     0     0      0     0     0     0
  (0569)     0     0     0     0      0     0     0     0
  (0577)     0     0     0     0      0     0     0     0
  (0585)     0     0     0     0      0     0     0     0
  (0593)     0     0     0     0      0     0     0     0
  (0601)     0     0     0     0      0     0     0     0
  (0609)     0     0     0     0      0     0     0     0
  (0617)     0     0     0     0      0     0     0     0
  (0625)     0     0     0     0      0     0     0     0
  (0633)     0     0     0     0      0     0     0     0

  (0641)     0     0     0     0      0     0     0     0
  (0649)     0     0     0     0      0     0     0     0
  (0657)     0     0     0     0      0     0     0     0
  (0665)     0     0     0     0      0     0     0     0
  (0673)     0     0     0     0      0     0     0     0
  (0681)     0     0     0     0      0     0     0     0
  (0689)     0     0     0     0      0     0     0     0
  (0697)     0     0     0     0      0     0     0     0
  (0705)     0     0     0     0      0     0     0     0
  (0713)     0     0     0     0      0     0     0     0
  (0721)     0     0     0     0      0     0     0     0
  (0729)     0     0     0     0      0     0     0     0
  (0737)     0     0     0     0      0     0     0     0
  (0745)     0     0     0     0      0     0     0     0
  (0753)     0     0     0     0      0     0     0     0
  (0761)     0     0     0     0      0     0     0     0

  (0769)     0     0     0     0      0     0     0     0
  (0777)     0     0     0     0      0     0     0     0
  (0785)     0     0     0     0      0     0     0     0
  (0793)     0     0     0     0      0     0     0     0
  (0801)     0     0     0     0      0     0     0     0
  (0809)     0     0     0     0      0     0     0     0
  (0817)     0     0     0     0      0     0     0     0
  (0825)     0     0     0     0      0     0     0     0
  (0833)     0     0     0     0      0     0     0     0
  (0841)     0     0     0     0      0     0     0     0
  (0849)     0     0     0     0      0     0     0     0
  (0857)     0     0     0     0      0     0     0     0
  (0865)     0     0     0     0      0     0     0     0
  (0873)     0     0     0     0      0     0     0     0
  (0881)     0     0     0     0      0     0     0     0
  (0889)     0     0     0     0      0     0     0     0

  (0897)     0     0     0     0      0     0     0     0
  (0905)     0     0     0     0      0     0     0     0
  (0913)     0     0     0     0      0     0     0     0
  (0921)     0     0     0     0      0     0     0     0
  (0929)     0     0     0     0      0     0     0     0
  (0937)     0     0     0     0      0     0     0     0
  (0945)     0     0     0     0      0     0     0     0
  (0953)     0     0     0     0      0     0     0     0
  (0961)     0     0     0     0      0     0     0     0
  (0969)     0     0     0     0      0     0     0     0
  (0977)     0     0     0     0      0     0     0     0
  (0985)     0     0     0     0      0     0     0     0
  (0993)     0     0     0     0      0     0     0     0
  (1001)     0     0     0     0      0     0     0     0
  (1009)     0     0     0     0      0     0     0     0
  (1017)     0     0     0     0      0     0     0     0

  (1025)     0     0     0     0      0     0     0     0
  (1033)     0     0     0     0      0     0     0     0
  (1041)     0     0     0     0      0     0     0     0
  (1049)     0     0     0     0      0     0     0     0
  (1057)     0     0     0     0      0     0     0     0Copyright (c) 1994 - 2014 ZyXEL Communications Corp.
VES1724-56# 7show vdsl-status subcarrier bitAlloc 23 1
77777777777777777777777777777777777777777   
  VDSL status sub-carrier BitAlloc(bits):
  port 23 Up Stream, BpscReqCount=101
            01    02    03    04     05    06    07    08
  -------------------------------------------------------
  (0001)     0     0     0     0      0     0     0     7
  (0009)    10    12    13    14     15    15    15    15
  (0017)    15    15    15    15     15    15    15    15
  (0025)    15    15    15    14     13    12    10     9
  (0033)     0     0     0     0      0     0     0     0
  (0041)     0     0     0     0      0     0     0     0
  (0049)     0     0     0     0      0     0     0     0
  (0057)     0     0     0     0      0     0     0     0
  (0065)     0     0     0     0      0     0     0     0
  (0073)     0     0     0     0      0     0     0     0
  (0081)     0     0     0     0      0     0     0     0
  (0089)     0     0     0     0      0     0     0     0
  (0097)     0     0     0     0      0     0     0     0
  (0105)     0     0     0     0      0     0     0     0
  (0113)     0     0     0     0      0     0     0     0
  (0121)     0     0     0     0      0     0     0     0

  (0129)     0     0     0     0      0     0     0     0
  (0137)     0     0     0     0      0     0     0     0
  (0145)     0     0     0     0      0     0     0     0
  (0153)     0     0     0     0      0     0     0     0
  (0161)     0     0     0     0      0     0     0     0
  (0169)     0     0     0     0      0     0     0     0
  (0177)     0     0     0     0      0     0     0     0
  (0185)     0     0     0     0      0     0     0     0
  (0193)     0     0     0     0      0     0     0     0
  (0201)     0     0     0     0      0     0     0     0
  (0209)     0     0     0     0      0     0     0     0
  (0217)     0     0     0     0      0     0     0     0
  (0225)     0     0     0     0      0     0     0     0
  (0233)     0     0     0     0      0     0     0     0
  (0241)     0     0     0     0      0     0     0     0
  (0249)     0     0     0     0      0     0     0     0

  (0257)     0     0     0     0      0     0     0     0
  (0265)     0     0     0     0      0     0     0     0
  (0273)     0     0     0     0      0     0     0     0
  (0281)     0     0     0     0      0     0     0     0
  (0289)     0     0     0     0      0     0     0     0
  (0297)     0     0     0     0      0     0     0     0
  (0305)     0     0     0     0      0     0     0     0
  (0313)     0     0     0     0      0     0     0     0
  (0321)     0     0     0     0      0     0     0     0
  (0329)     0     0     0     0      0     0     0     0
  (0337)     0     0     0     0      0     0     0     0
  (0345)     0     0     0     0      0     0     0     0
  (0353)     0     0     0     0      0     0     0     0
  (0361)     0     0     0     0      0     0     0     0
  (0369)     0     0     0     0      0     0     0     0
  (0377)     0     0     0     0      0     0     0     0

  (0385)     0     0     0     0      0     0     0     0
  (0393)     0     0     0     0      0     0     0     0
  (0401)     0     0     0     0      0     0     0     0
  (0409)     0     0     0     0      0     0     0     0
  (0417)     0     0     0     0      0     0     0     0
  (0425)     0     0     0     0      0     0     0     0
  (0433)     0     0     0     0      0     0     0     0
  (0441)     0     0     0     0      0     0     0     0
  (0449)     0     0     0     0      0     0     0     0
  (0457)     0     0     0     0      0     0     0     0
  (0465)     0     0     0     0      0     0     0     0
  (0473)     0     0     0     0      0     0     0     0
  (0481)     0     0     0     0      0     0     0     0
  (0489)     0     0     0     0      0     0     0     0
  (0497)     0     0     0     0      0     0     0     0
  (0505)     0     0     0     0      0     0     0     0

  (0513)     0     0     0     0      0     0     0     0
  (0521)     0     0     0     0      0     0     0     0
  (0529)     0     0     0     0      0     0     0     0
  (0537)     0     0     0     0      0     0     0     0
  (0545)     0     0     0     0      0     0     0     0
  (0553)     0     0     0     0      0     0     0     0
  (0561)     0     0     0     0      0     0     0     0
  (0569)     0     0     0     0      0     0     0     0
  (0577)     0     0     0     0      0     0     0     0
  (0585)     0     0     0     0      0     0     0     0
  (0593)     0     0     0     0      0     0     0     0
  (0601)     0     0     0     0      0     0     0     0
  (0609)     0     0     0     0      0     0     0     0
  (0617)     0     0     0     0      0     0     0     0
  (0625)     0     0     0     0      0     0     0     0
  (0633)     0     0     0     0      0     0     0     0

  (0641)     0     0     0     0      0     0     0     0
  (0649)     0     0     0     0      0     0     0     0
  (0657)     0     0     0     0      0     0     0     0
  (0665)     0     0     0     0      0     0     0     0
  (0673)     0     0     0     0      0     0     0     0
  (0681)     0     0     0     0      0     0     0     0
  (0689)     0     0     0     0      0     0     0     0
  (0697)     0     0     0     0      0     0     0     0
  (0705)     0     0     0     0      0     0     0     0
  (0713)     0     0     0     0      0     0     0     0
  (0721)     0     0     0     0      0     0     0     0
  (0729)     0     0     0     0      0     0     0     0
  (0737)     0     0     0     0      0     0     0     0
  (0745)     0     0     0     0      0     0     0     0
  (0753)     0     0     0     0      0     0     0     0
  (0761)     0     0     0     0      0     0     0     0

  (0769)     0     0     0     0      0     0     0     0
  (0777)     0     0     0     0      0     0     0     0
  (0785)     0     0     0     0      0     0     0     0
  (0793)     0     0     0     0      0     0     0     0
  (0801)     0     0     0     0      0     0     0     0
  (0809)     0     0     0     0      0     0     0     0
  (0817)     0     0     0     0      0     0     0     0
  (0825)     0     0     0     0      0     0     0     0
  (0833)     0     0     0     0      0     0     0     0
  (0841)     0     0     0     0      0     0     0     0
  (0849)     0     0     0     0      0     0     0     0
  (0857)     0     0     0     0      0     0     0     0
  (0865)     0     0     0     0      0     0     0     0
  (0873)     0     0     0     0      0     0     0     0
  (0881)     0     0     0     0      0     0     0     0
  (0889)     0     0     0     0      0     0     0     0

  (0897)     0     0     0     0      0     0     0     0
  (0905)     0     0     0     0      0     0     0     0
  (0913)     0     0     0     0      0     0     0     0
  (0921)     0     0     0     0      0     0     0     0
  (0929)     0     0     0     0      0     0     0     0
  (0937)     0     0     0     0      0     0     0     0
  (0945)     0     0     0     0      0     0     0     0
  (0953)     0     0     0     0      0     0     0     0
  (0961)     0     0     0     0      0     0     0     0
  (0969)     0     0     0     0      0     0     0     0
  (0977)     0     0     0     0      0     0     0     0
  (0985)     0     0     0     0      0     0     0     0
  (0993)     0     0     0     0      0     0     0     0
  (1001)     0     0     0     0      0     0     0     0
  (1009)     0     0     0     0      0     0     0     0
  (1017)     0     0     0     0      0     0     0     0

  (1025)     0     0     0     0      0     0     0     0
  (1033)     0     0     0     0      0     0     0     0
  (1041)     0     0     0     0      0     0     0     0
  (1049)     0     0     0     0      0     0     0     0
  (1057)     0     0     0     0      0     0     0     0Copyright (c) 1994 - 2014 ZyXEL Communications Corp.
VES1724-56# 7show vdsl-status subcarrier bitAlloc 23 1
77777777777777777777777777777777777777777   
  VDSL status sub-carrier BitAlloc(bits):
  port 23 Up Stream, BpscReqCount=101
            01    02    03    04     05    06    07    08
  -------------------------------------------------------
  (0001)     0     0     0     0      0     0     0     7
  (0009)    10    12    13    14     15    15    15    15
  (0017)    15    15    15    15     15    15    15    15
  (0025)    15    15    15    14     13    12    10     9
  (0033)     0     0     0     0      0     0     0     0
  (0041)     0     0     0     0      0     0     0     0
  (0049)     0     0     0     0      0     0     0     0
  (0057)     0     0     0     0      0     0     0     0
  (0065)     0     0     0     0      0     0     0     0
  (0073)     0     0     0     0      0     0     0     0
  (0081)     0     0     0     0      0     0     0     0
  (0089)     0     0     0     0      0     0     0     0
  (0097)     0     0     0     0      0     0     0     0
  (0105)     0     0     0     0      0     0     0     0
  (0113)     0     0     0     0      0     0     0     0
  (0121)     0     0     0     0      0     0     0     0

  (0129)     0     0     0     0      0     0     0     0
  (0137)     0     0     0     0      0     0     0     0
  (0145)     0     0     0     0      0     0     0     0
  (0153)     0     0     0     0      0     0     0     0
  (0161)     0     0     0     0      0     0     0     0
  (0169)     0     0     0     0      0     0     0     0
  (0177)     0     0     0     0      0     0     0     0
  (0185)     0     0     0     0      0     0     0     0
  (0193)     0     0     0     0      0     0     0     0
  (0201)     0     0     0     0      0     0     0     0
  (0209)     0     0     0     0      0     0     0     0
  (0217)     0     0     0     0      0     0     0     0
  (0225)     0     0     0     0      0     0     0     0
  (0233)     0     0     0     0      0     0     0     0
  (0241)     0     0     0     0      0     0     0     0
  (0249)     0     0     0     0      0     0     0     0

  (0257)     0     0     0     0      0     0     0     0
  (0265)     0     0     0     0      0     0     0     0
  (0273)     0     0     0     0      0     0     0     0
  (0281)     0     0     0     0      0     0     0     0
  (0289)     0     0     0     0      0     0     0     0
  (0297)     0     0     0     0      0     0     0     0
  (0305)     0     0     0     0      0     0     0     0
  (0313)     0     0     0     0      0     0     0     0
  (0321)     0     0     0     0      0     0     0     0
  (0329)     0     0     0     0      0     0     0     0
  (0337)     0     0     0     0      0     0     0     0
  (0345)     0     0     0     0      0     0     0     0
  (0353)     0     0     0     0      0     0     0     0
  (0361)     0     0     0     0      0     0     0     0
  (0369)     0     0     0     0      0     0     0     0
  (0377)     0     0     0     0      0     0     0     0

  (0385)     0     0     0     0      0     0     0     0
  (0393)     0     0     0     0      0     0     0     0
  (0401)     0     0     0     0      0     0     0     0
  (0409)     0     0     0     0      0     0     0     0
  (0417)     0     0     0     0      0     0     0     0
  (0425)     0     0     0     0      0     0     0     0
  (0433)     0     0     0     0      0     0     0     0
  (0441)     0     0     0     0      0     0     0     0
  (0449)     0     0     0     0      0     0     0     0
  (0457)     0     0     0     0      0     0     0     0
  (0465)     0     0     0     0      0     0     0     0
  (0473)     0     0     0     0      0     0     0     0
  (0481)     0     0     0     0      0     0     0     0
  (0489)     0     0     0     0      0     0     0     0
  (0497)     0     0     0     0      0     0     0     0
  (0505)     0     0     0     0      0     0     0     0

  (0513)     0     0     0     0      0     0     0     0
  (0521)     0     0     0     0      0     0     0     0
  (0529)     0     0     0     0      0     0     0     0
  (0537)     0     0     0     0      0     0     0     0
  (0545)     0     0     0     0      0     0     0     0
  (0553)     0     0     0     0      0     0     0     0
  (0561)     0     0     0     0      0     0     0     0
  (0569)     0     0     0     0      0     0     0     0
  (0577)     0     0     0     0      0     0     0     0
  (0585)     0     0     0     0      0     0     0     0
  (0593)     0     0     0     0      0     0     0     0
  (0601)     0     0     0     0      0     0     0     0
  (0609)     0     0     0     0      0     0     0     0
  (0617)     0     0     0     0      0     0     0     0
  (0625)     0     0     0     0      0     0     0     0
  (0633)     0     0     0     0      0     0     0     0

  (0641)     0     0     0     0      0     0     0     0
  (0649)     0     0     0     0      0     0     0     0
  (0657)     0     0     0     0      0     0     0     0
  (0665)     0     0     0     0      0     0     0     0
  (0673)     0     0     0     0      0     0     0     0
  (0681)     0     0     0     0      0     0     0     0
  (0689)     0     0     0     0      0     0     0     0
  (0697)     0     0     0     0      0     0     0     0
  (0705)     0     0     0     0      0     0     0     0
  (0713)     0     0     0     0      0     0     0     0
  (0721)     0     0     0     0      0     0     0     0
  (0729)     0     0     0     0      0     0     0     0
  (0737)     0     0     0     0      0     0     0     0
  (0745)     0     0     0     0      0     0     0     0
  (0753)     0     0     0     0      0     0     0     0
  (0761)     0     0     0     0      0     0     0     0

  (0769)     0     0     0     0      0     0     0     0
  (0777)     0     0     0     0      0     0     0     0
  (0785)     0     0     0     0      0     0     0     0
  (0793)     0     0     0     0      0     0     0     0
  (0801)     0     0     0     0      0     0     0     0
  (0809)     0     0     0     0      0     0     0     0
  (0817)     0     0     0     0      0     0     0     0
  (0825)     0     0     0     0      0     0     0     0
  (0833)     0     0     0     0      0     0     0     0
  (0841)     0     0     0     0      0     0     0     0
  (0849)     0     0     0     0      0     0     0     0
  (0857)     0     0     0     0      0     0     0     0
  (0865)     0     0     0     0      0     0     0     0
  (0873)     0     0     0     0      0     0     0     0
  (0881)     0     0     0     0      0     0     0     0
  (0889)     0     0     0     0      0     0     0     0

  (0897)     0     0     0     0      0     0     0     0
  (0905)     0     0     0     0      0     0     0     0
  (0913)     0     0     0     0      0     0     0     0
  (0921)     0     0     0     0      0     0     0     0
  (0929)     0     0     0     0      0     0     0     0
  (0937)     0     0     0     0      0     0     0     0
  (0945)     0     0     0     0      0     0     0     0
  (0953)     0     0     0     0      0     0     0     0
  (0961)     0     0     0     0      0     0     0     0
  (0969)     0     0     0     0      0     0     0     0
  (0977)     0     0     0     0      0     0     0     0
  (0985)     0     0     0     0      0     0     0     0
  (0993)     0     0     0     0      0     0     0     0
  (1001)     0     0     0     0      0     0     0     0
  (1009)     0     0     0     0      0     0     0     0
  (1017)     0     0     0     0      0     0     0     0

  (1025)     0     0     0     0      0     0     0     0
  (1033)     0     0     0     0      0     0     0     0
  (1041)     0     0     0     0      0     0     0     0
  (1049)     0     0     0     0      0     0     0     0
  (1057)     0     0     0     0      0     0     0     0Copyright (c) 1994 - 2014 ZyXEL Communications Corp.
VES1724-56# 7show vdsl-status subcarrier bitAlloc 23 1
77777777777777777777777777777777777777777   
  VDSL status sub-carrier BitAlloc(bits):
  port 23 Up Stream, BpscReqCount=101
            01    02    03    04     05    06    07    08
  -------------------------------------------------------
  (0001)     0     0     0     0      0     0     0     7
  (0009)    10    12    13    14     15    15    15    15
  (0017)    15    15    15    15     15    15    15    15
  (0025)    15    15    15    14     13    12    10     9
  (0033)     0     0     0     0      0     0     0     0
  (0041)     0     0     0     0      0     0     0     0
  (0049)     0     0     0     0      0     0     0     0
  (0057)     0     0     0     0      0     0     0     0
  (0065)     0     0     0     0      0     0     0     0
  (0073)     0     0     0     0      0     0     0     0
  (0081)     0     0     0     0      0     0     0     0
  (0089)     0     0     0     0      0     0     0     0
  (0097)     0     0     0     0      0     0     0     0
  (0105)     0     0     0     0      0     0     0     0
  (0113)     0     0     0     0      0     0     0     0
  (0121)     0     0     0     0      0     0     0     0

  (0129)     0     0     0     0      0     0     0     0
  (0137)     0     0     0     0      0     0     0     0
  (0145)     0     0     0     0      0     0     0     0
  (0153)     0     0     0     0      0     0     0     0
  (0161)     0     0     0     0      0     0     0     0
  (0169)     0     0     0     0      0     0     0     0
  (0177)     0     0     0     0      0     0     0     0
  (0185)     0     0     0     0      0     0     0     0
  (0193)     0     0     0     0      0     0     0     0
  (0201)     0     0     0     0      0     0     0     0
  (0209)     0     0     0     0      0     0     0     0
  (0217)     0     0     0     0      0     0     0     0
  (0225)     0     0     0     0      0     0     0     0
  (0233)     0     0     0     0      0     0     0     0
  (0241)     0     0     0     0      0     0     0     0
  (0249)     0     0     0     0      0     0     0     0

  (0257)     0     0     0     0      0     0     0     0
  (0265)     0     0     0     0      0     0     0     0
  (0273)     0     0     0     0      0     0     0     0
  (0281)     0     0     0     0      0     0     0     0
  (0289)     0     0     0     0      0     0     0     0
  (0297)     0     0     0     0      0     0     0     0
  (0305)     0     0     0     0      0     0     0     0
  (0313)     0     0     0     0      0     0     0     0
  (0321)     0     0     0     0      0     0     0     0
  (0329)     0     0     0     0      0     0     0     0
  (0337)     0     0     0     0      0     0     0     0
  (0345)     0     0     0     0      0     0     0     0
  (0353)     0     0     0     0      0     0     0     0
  (0361)     0     0     0     0      0     0     0     0
  (0369)     0     0     0     0      0     0     0     0
  (0377)     0     0     0     0      0     0     0     0

  (0385)     0     0     0     0      0     0     0     0
  (0393)     0     0     0     0      0     0     0     0
  (0401)     0     0     0     0      0     0     0     0
  (0409)     0     0     0     0      0     0     0     0
  (0417)     0     0     0     0      0     0     0     0
  (0425)     0     0     0     0      0     0     0     0
  (0433)     0     0     0     0      0     0     0     0
  (0441)     0     0     0     0      0     0     0     0
  (0449)     0     0     0     0      0     0     0     0
  (0457)     0     0     0     0      0     0     0     0
  (0465)     0     0     0     0      0     0     0     0
  (0473)     0     0     0     0      0     0     0     0
  (0481)     0     0     0     0      0     0     0     0
  (0489)     0     0     0     0      0     0     0     0
  (0497)     0     0     0     0      0     0     0     0
  (0505)     0     0     0     0      0     0     0     0

  (0513)     0     0     0     0      0     0     0     0
  (0521)     0     0     0     0      0     0     0     0
  (0529)     0     0     0     0      0     0     0     0
  (0537)     0     0     0     0      0     0     0     0
  (0545)     0     0     0     0      0     0     0     0
  (0553)     0     0     0     0      0     0     0     0
  (0561)     0     0     0     0      0     0     0     0
  (0569)     0     0     0     0      0     0     0     0
  (0577)     0     0     0     0      0     0     0     0
  (0585)     0     0     0     0      0     0     0     0
  (0593)     0     0     0     0      0     0     0     0
  (0601)     0     0     0     0      0     0     0     0
  (0609)     0     0     0     0      0     0     0     0
  (0617)     0     0     0     0      0     0     0     0
  (0625)     0     0     0     0      0     0     0     0
  (0633)     0     0     0     0      0     0     0     0

  (0641)     0     0     0     0      0     0     0     0
  (0649)     0     0     0     0      0     0     0     0
  (0657)     0     0     0     0      0     0     0     0
  (0665)     0     0     0     0      0     0     0     0
  (0673)     0     0     0     0      0     0     0     0
  (0681)     0     0     0     0      0     0     0     0
  (0689)     0     0     0     0      0     0     0     0
  (0697)     0     0     0     0      0     0     0     0
  (0705)     0     0     0     0      0     0     0     0
  (0713)     0     0     0     0      0     0     0     0
  (0721)     0     0     0     0      0     0     0     0
  (0729)     0     0     0     0      0     0     0     0
  (0737)     0     0     0     0      0     0     0     0
  (0745)     0     0     0     0      0     0     0     0
  (0753)     0     0     0     0      0     0     0     0
  (0761)     0     0     0     0      0     0     0     0

  (0769)     0     0     0     0      0     0     0     0
  (0777)     0     0     0     0      0     0     0     0
  (0785)     0     0     0     0      0     0     0     0
  (0793)     0     0     0     0      0     0     0     0
  (0801)     0     0     0     0      0     0     0     0
  (0809)     0     0     0     0      0     0     0     0
  (0817)     0     0     0     0      0     0     0     0
  (0825)     0     0     0     0      0     0     0     0
  (0833)     0     0     0     0      0     0     0     0
  (0841)     0     0     0     0      0     0     0     0
  (0849)     0     0     0     0      0     0     0     0
  (0857)     0     0     0     0      0     0     0     0
  (0865)     0     0     0     0      0     0     0     0
  (0873)     0     0     0     0      0     0     0     0
  (0881)     0     0     0     0      0     0     0     0
  (0889)     0     0     0     0      0     0     0     0

  (0897)     0     0     0     0      0     0     0     0
  (0905)     0     0     0     0      0     0     0     0
  (0913)     0     0     0     0      0     0     0     0
  (0921)     0     0     0     0      0     0     0     0
  (0929)     0     0     0     0      0     0     0     0
  (0937)     0     0     0     0      0     0     0     0
  (0945)     0     0     0     0      0     0     0     0
  (0953)     0     0     0     0      0     0     0     0
  (0961)     0     0     0     0      0     0     0     0
  (0969)     0     0     0     0      0     0     0     0
  (0977)     0     0     0     0      0     0     0     0
  (0985)     0     0     0     0      0     0     0     0
  (0993)     0     0     0     0      0     0     0     0
  (1001)     0     0     0     0      0     0     0     0
  (1009)     0     0     0     0      0     0     0     0
  (1017)     0     0     0     0      0     0     0     0

  (1025)     0     0     0     0      0     0     0     0
  (1033)     0     0     0     0      0     0     0     0
  (1041)     0     0     0     0      0     0     0     0
  (1049)     0     0     0     0      0     0     0     0
  (1057)     0     0     0     0      0     0     0     0