Copyright (c) 1994 - 2015 ZyXEL Communications Corp.
VES1724-56# 7show vdsl-status subcarrier bitAlloc 2 1
7777777777777777777777777777777777777777   
  VDSL status sub-carrier BitAlloc(bits):
  port 02 Up Stream, BpscReqCount=174
            01    02    03    04     05    06    07    08
  -------------------------------------------------------
  (0001)     0     0     0     0      0     0     0     9
  (0009)    11    12    12    14     14    15    15    15
  (0017)    15    15    15    15     15    15    15    15
  (0025)    15    15    15    15     15    14    12    11
  (0033)     0     0     0     0      0     0     0     0
  (0041)     0     0     0     0      0     0     0     0
  (0049)     0     0     0     0      0     0     0     0
  (0057)     0     0     0     0      0     0     0     0
  (0065)     0     0     0     0      0     0     0     0
  (0073)     0     0     0     0      0     0     0     0
  (0081)     0     0     0     0      0     0     0     0
  (0089)     0     0     0     0      0     0     0     0
  (0097)     0     0     0     0      0     0     0     0
  (0105)     0     0     0     0      0     0     0     0
  (0113)     0     0     0     0      0     0     0     0
  (0121)     0     0     0     0      0     0     0     0

  (0129)     0     0     0     0      0     0     0     0
  (0137)     0     0     0     0      0     0     0     0
  (0145)     0     0     0     0      0     0     0     0
  (0153)     0     0     0     0      0     0     0     0
  (0161)     0     0     0     0      0     0     0     0
  (0169)     0     0     0     0      0     0     0     0
  (0177)     0     0     0     0      0     0     0     0
  (0185)     0     0     0     0      0     0     0     0
  (0193)     0     0     0     0      0     0     0     0
  (0201)     0     0     0     0      0     0     0     0
  (0209)     0     0     0     0      0     0     0     0
  (0217)     0     0     0     0      0     0     0     0
  (0225)     0     0     0     0      0     0     0     0
  (0233)     0     0     0     0      0     0     0     0
  (0241)     0     0     0     0      0     0     0     0
  (0249)     0     0     0     0      0     0     0     0

  (0257)     0     0     0     0      0     0     0     0
  (0265)     0     0     0     0      0     0     0     0
  (0273)     0     0     0     0      0     0     0     0
  (0281)     0     0     0     0      0     0     0     0
  (0289)     0     0     0     0      0     0     0     0
  (0297)     0     0     0     0      0     0     0     0
  (0305)     0     0     0     0      0     0     0     0
  (0313)     0     0     0     0      0     0     0     0
  (0321)     0     0     0     0      0     0     0     0
  (0329)     0     0     0     0      0     0     0     0
  (0337)     0     0     0     0      0     0     0     0
  (0345)     0     0     0     0      0     0     0     0
  (0353)     0     0     0     0      0     0     0     0
  (0361)     0     0     0     0      0     0     0     0
  (0369)     0     0     0     0      0     0     0     0
  (0377)     0     0     0     0      0     0     0     0

  (0385)     0     0     0     0      0     0     0     0
  (0393)     0     0     0     0      0     0     0     0
  (0401)     0     0     0     0      0     0     0     0
  (0409)     0     0     0     0      0     0     0     0
  (0417)     0     0     0     0      0     0     0     0
  (0425)     0     0     0     0      0     0     0     0
  (0433)     0     0     0     0      0     0     0     0
  (0441)     0     0     0     0      0     0     0     0
  (0449)     0     0     0     0      0     0     0     0
  (0457)     0     0     0     0      0     0     0     0
  (0465)     0     0     0     0      0     0     0     0
  (0473)     0     0     0     0      0     0     0     0
  (0481)     0     0     0     0      0     0     0     0
  (0489)     0     0     0     0      0     0     0     0
  (0497)     0     0     0     0      0     0     0     0
  (0505)     0     0     0     0      0     0     0     0

  (0513)     0     0     0     0      0     0     0     0
  (0521)     0     0     0     0      0     0     0     0
  (0529)     0     0     0     0      0     0     0     0
  (0537)     0     0     0     0      0     0     0     0
  (0545)     0     0     0     0      0     0     0     0
  (0553)     0     0     0     0      0     0     0     0
  (0561)     0     0     0     0      0     0     0     0
  (0569)     0     0     0     0      0     0     0     0
  (0577)     0     0     0     0      0     0     0     0
  (0585)     0     0     0     0      0     0     0     0
  (0593)     0     0     0     0      0     0     0     0
  (0601)     0     0     0     0      0     0     0     0
  (0609)     0     0     0     0      0     0     0     0
  (0617)     0     0     0     0      0     0     0     0
  (0625)     0     0     0     0      0     0     0     0
  (0633)     0     0     0     0      0     0     0     0

  (0641)     0     0     0     0      0     0     0     0
  (0649)     0     0     0     0      0     0     0     0
  (0657)     0     0     0     0      0     0     0     0
  (0665)     0     0     0     0      0     0     0     0
  (0673)     0     0     0     0      0     0     0     0
  (0681)     0     0     0     0      0     0     0     0
  (0689)     0     0     0     0      0     0     0     0
  (0697)     0     0     0     0      0     0     0     0
  (0705)     0     0     0     0      0     0     0     0
  (0713)     0     0     0     0      0     0     0     0
  (0721)     0     0     0     0      0     0     0     0
  (0729)     0     0     0     0      0     0     0     0
  (0737)     0     0     0     0      0     0     0     0
  (0745)     0     0     0     0      0     0     0     0
  (0753)     0     0     0     0      0     0     0     0
  (0761)     0     0     0     0      0     0     0     0

  (0769)     0     0     0     0      0     0     0     0
  (0777)     0     0     0     0      0     0     0     0
  (0785)     0     0     0     0      0     0     0     0
  (0793)     0     0     0     0      0     0     0     0
  (0801)     0     0     0     0      0     0     0     0
  (0809)     0     0     0     0      0     0     0     0
  (0817)     0     0     0     0      0     0     0     0
  (0825)     0     0     0     0      0     0     0     0
  (0833)     0     0     0     0      0     0     0     0
  (0841)     0     0     0     0      0     0     0     0
  (0849)     0     0     0     0      0     0     0     0
  (0857)     0     0     0     0      0     0     0     0
  (0865)     0     0     0     0      0     0     0     0
  (0873)     0     0     0     0      0     0     0     0
  (0881)     0     0     0     0      0     0     0     0
  (0889)     0     0     0     0      0     0     0     0

  (0897)     0     0     0     0      0     0     0     0
  (0905)     0     0     0     0      0     0     0     0
  (0913)     0     0     0     0      0     0     0     0
  (0921)     0     0     0     0      0     0     0     0
  (0929)     0     0     0     0      0     0     0     0
  (0937)     0     0     0     0      0     0     0     0
  (0945)     0     0     0     0      0     0     0     0
  (0953)     0     0     0     0      0     0     0     0
  (0961)     0     0     0     0      0     0     0     0
  (0969)     0     0     0     0      0     0     0     0
  (0977)     0     0     0     0      0     0     0     0
  (0985)     0     0     0     0      0     0     0     0
  (0993)     0     0     0     0      0     0     0     0
  (1001)     0     0     0     0      0     0     0     0
  (1009)     0     0     0     0      0     0     0     0
  (1017)     0     0     0     0      0     0     0     0

  (1025)     0     0     0     0      0     0     0     0
  (1033)     0     0     0     0      0     0     0     0
  (1041)     0     0     0     0      0     0     0     0
  (1049)     0     0     0     0      0     0     0     0
  (1057)     0     0     0     0      0     0     0     0
  (1065)     0     0     0     0      0     0     0     0
  (1073)     0     0     0     0      0     0     0     0
  (1081)     0     0     0     0      0     0     0     0
  (1089)     0     0     0     0      0     0     0     0
  (1097)     0     0     0     0      0     0     0     0
  (1105)     0     0     0     0      0     0     0     0
  (1113)     0     0     0     0      0     0     0     0
  (1121)     0     0     0     0      0     0     0     0
  (1129)     0     0     0     0      0     0     0     0
  (1137)     0     0     0     0      0     0     0     0
  (1145)     0     0     0     0      0     0     0     0

  (1153)     0     0     0     0      0     0     0     0
  (1161)     0     0     0     0      0     0     0     0
  (1169)     0     0     0     0      0     0     0     0
  (1177)     0     0     0     0      0     0     0     0
  (1185)     0     0     0     0      0     0     0     0
  (1193)     0     0     0     0      0     0     0     0
  (1201)     0     0     0     0      0     0     0     0
  (1209)     0     0     0     0      0     0     0     0
  (1217)     0     0     0     0      0     0     0     0
  (1225)     0     0     0     0      0     0     0     0
  (1233)     0     0     0     0      0     0     0     0
  (1241)     0     0     0     0      0     0     0     0
  (1249)     0     0     0     0      0     0     0     0
  (1257)     0     0     0     0      0     0     0     0
  (1265)     0     0     0     0      0     0     0     0
  (1273)     0     0     0     0      0     0     0     0

  (1281)     0     0     0     0      0     0     0     0
  (1289)     0     0     0     0      0     0     0     0
  (1297)     0     0     0     0      0     0     0     0
  (1305)     0     0     0     0      0     0     0     0
  (1313)     0     0     0     0      0     0     0     0
  (1321)     0     0     0     0      0     0     0     0
  (1329)     0     0     0     0      0     0     0     0
  (1337)     0     0     0     0      0     0     0     0
  (1345)     0     0     0     0      0     0     0     0
  (1353)     0     0     0     0      0     0     0     0
  (1361)     0     0     0     0      0     0     0     0
  (1369)     0     0     0     0      0     0     0     0
  (1377)     0     0     0     0      0     0     0     0
  (1385)     0     0     0     0      0     0     0     0
  (1393)     0     0     0     0      0     0     0     0
  (1401)     0     0     0     0      0     0     0     0

  (1409)     0     0     0     0      0     0     0     0
  (1417)     0     0     0     0      0     0     0     0
  (1425)     0     0     0     0      0     0     0     0
  (1433)     0     0     0     0      0     0     0     0
  (1441)     0     0     0     0      0     0     0     0
  (1449)     0     0     0     0      0     0     0     0
  (1457)     0     0     0     0      0     0     0     0
  (1465)     0     0     0     0      0     0     0     0
  (1473)     0     0     0     0      0     0     0     0
  (1481)     0     0     0     0      0     0     0     0
  (1489)     0     0     0     0      0     0     0     0
  (1497)     0     0     0     0      0     0     0     0
  (1505)     0     0     0     0      0     0     0     0
  (1513)     0     0     0     0      0     0     0     0
  (1521)     0     0     0     0      0     0     0     0
  (1529)     0     0     0     0      0     0     0     0

  (1537)     0     0     0     0      0     0     0     0
  (1545)     0     0     0     0      0     0     0     0
  (1553)     0     0     0     0      0     0     0     0
  (1561)     0     0     0     0      0     0     0     0
  (1569)     0     0     0     0      0     0     0     0
  (1577)     0     0     0     0      0     0     0     0
  (1585)     0     0     0     0      0     0     0     0
  (1593)     0     0     0     0      0     0     0     0
  (1601)     0     0     0     0      0     0     0     0
  (1609)     0     0     0     0      0     0     0     0
  (1617)     0     0     0     0      0     0     0     0
  (1625)     0     0     0     0      0     0     0     0
  (1633)     0     0     0     0      0     0     0     0
  (1641)     0     0     0     0      0     0     0     0
  (1649)     0     0     0     0      0     0     0     0
  (1657)     0     0     0     0      0     0     0     0

  (1665)     0     0     0     0      0     0     0     0
  (1673)     0     0     0     0      0     0     0     0
  (1681)     0     0     0     0      0     0     0     0
  (1689)     0     0     0     0      0     0     0     0
  (1697)     0     0     0     0      0     0     0     0
  (1705)     0     0     0     0      0     0     0     0
  (1713)     0     0     0     0      0     0     0     0
  (1721)     0     0     0     0      0     0     0     0
  (1729)     0     0     0     0      0     0     0     0
  (1737)     0     0     0     0      0     0     0     0
  (1745)     0     0     0     0      0     0     0     0
  (1753)     0     0     0     0      0     0     0     0
  (1761)     0     0     0     0      0     0     0     0
  (1769)     0     0     0     0      0     0     0     0
  (1777)     0     0     0     0      0     0     0     0
  (1785)     0     0     0     0      0     0     0     0

  (1793)     0     0     0     0      0     0     0     0
  (1801)     0     0     0     0      0     0     0     0
  (1809)     0     0     0     0      0     0     0     0
  (1817)     0     0     0     0      0     0     0     0
  (1825)     0     0     0     0      0     0     0     0
  (1833)     0     0     0     0      0     0     0     0
  (1841)     0     0     0     0      0     0     0     0
  (1849)     0     0     0     0      0     0     0     0
  (1857)     0     0     0     0      0     0     0     0
  (1865)     0     0     0     0      0     0     0     0
  (1873)     0     0     0     0      0     0     0     0
  (1881)     0     0     0     0      0     0     0     0
  (1889)     0     0     0     0      0     0     0     0
  (1897)     0     0     0     0      0     0     0     0
  (1905)     0     0     0     0      0     0     0     0
  (1913)     0     0     0     0      0     0     0     0

  (1921)     0     0     0     0      0     0     0     0
  (1929)     0     0     0     0      0     0     0     0
  (1937)     0     0     0     0      0     0     0     0
  (1945)     0     0     0     0      0     0     0     0
  (1953)     0     0     0     0      0     0     0     0
  (1961)     0     0     0     0      0     0     0     0
  (1969)     0     0     0     0      0     0     0     0
  (1977)     0     0     0     0      0     0     0     0
  (1985)     0     0     0     0      0     0     0     0
  (1993)     0     0     0     0      0     0     0     0
  (2001)     0     0     0     0      0     0     0     0
  (2009)     0     0     0     0      0     0     0     0
  (2017)     0     0     0     0      0     0     0     0
  (2025)     0     0     0     0      0     0     0     0
  (2033)     0     0     0     0      0     0     0     0
  (2041)     0     0     0     0      0     0     0     0

  (2049)     0     0     0     0      0     0     0     0
  (2057)     0     0     0     0      0     0     0     0
  (2065)     0     0     0     0      0     0     0     0
  (2073)     0     0     0     0      0     0     0     0
  (2081)     0     0     0     0      0     0     0     0
  (2089)     0     0     0     0      0     0     0     0
  (2097)     0     0     0     0      0     0     0     0
  (2105)     0     0     0     0      0     0     0     0
  (2113)     0     0     0     0      0     0     0     0
  (2121)     0     0     0     0      0     0     0     0
  (2129)     0     0     0     0      0     0     0     0
  (2137)     0     0     0     0      0     0     0     0
  (2145)     0     0     0     0      0     0     0     0
  (2153)     0     0     0     0      0     0     0     0
  (2161)     0     0     0     0      0     0     0     0
  (2169)     0     0     0     0      0     0     0     0

  (2177)     0     0     0     0      0     0     0     0
  (2185)     0     0     0     0      0     0     0     0
  (2193)     0     0     0     0      0     0     0     0
  (2201)     0     0     0     0      0     0     0     0
  (2209)     0     0     0     0      0     0     0     0
  (2217)     0     0     0     0      0     0     0     0
  (2225)     0     0     0     0      0     0     0     0
  (2233)     0     0     0     0      0     0     0     0
  (2241)     0     0     0     0      0     0     0     0
  (2249)     0     0     0     0      0     0     0     0
  (2257)     0     0     0     0      0     0     0     0
  (2265)     0     0     0     0      0     0     0     0
  (2273)     0     0     0     0      0     0     0     0
  (2281)     0     0     0     0      0     0     0     0
  (2289)     0     0     0     0      0     0     0     0
  (2297)     0     0     0     0      0     0     0     0

  (2305)     0     0     0     0      0     0     0     0
  (2313)     0     0     0     0      0     0     0     0
  (2321)     0     0     0     0      0     0     0     0
  (2329)     0     0     0     0      0     0     0     0
  (2337)     0     0     0     0      0     0     0     0
  (2345)     0     0     0     0      0     0     0     0
  (2353)     0     0     0     0      0     0     0     0
  (2361)     0     0     0     0      0     0     0     0
  (2369)     0     0     0     0      0     0     0     0
  (2377)     0     0     0     0      0     0     0     0
  (2385)     0     0     0     0      0     0     0     0
  (2393)     0     0     0     0      0     0     0     0
  (2401)     0     0     0     0      0     0     0     0
  (2409)     0     0     0     0      0     0     0     0
  (2417)     0     0     0     0      0     0     0     0
  (2425)     0     0     0     0      0     0     0     0

  (2433)     0     0     0     0      0     0     0     0
  (2441)     0     0     0     0      0     0     0     0
  (2449)     0     0     0     0      0     0     0     0
  (2457)     0     0     0     0      0     0     0     0
  (2465)     0     0     0     0      0     0     0     0
  (2473)     0     0     0     0      0     0     0     0
  (2481)     0     0     0     0      0     0     0     0
  (2489)     0     0     0     0      0     0     0     0
  (2497)     0     0     0     0      0     0     0     0
  (2505)     0     0     0     0      0     0     0     0
  (2513)     0     0     0     0      0     0     0     0
  (2521)     0     0     0     0      0     0     0     0
  (2529)     0     0     0     0      0     0     0     0
  (2537)     0     0     0     0      0     0     0     0
  (2545)     0     0     0     0      0     0     0     0
  (2553)     0     0     0     0      0     0     0     0

  (2561)     0     0     0     0      0     0     0     0
  (2569)     0     0     0     0      0     0     0     0
  (2577)     0     0     0     0      0     0     0     0
  (2585)     0     0     0     0      0     0     0     0
  (2593)     0     0     0     0      0     0     0     0
  (2601)     0     0     0     0      0     0     0     0
  (2609)     0     0     0     0      0     0     0     0
  (2617)     0     0     0     0      0     0     0     0
  (2625)     0     0     0     0      0     0     0     0
  (2633)     0     0     0     0      0     0     0     0
  (2641)     0     0     0     0      0     0     0     0
  (2649)     0     0     0     0      0     0     0     0
  (2657)     0     0     0     0      0     0     0     0
  (2665)     0     0     0     0      0     0     0     0
  (2673)     0     0     0     0      0     0     0     0
  (2681)     0     0     0     0      0     0     0     0

  (2689)     0     0     0     0      0     0     0     0
  (2697)     0     0     0     0      0     0     0     0
  (2705)     0     0     0     0      0     0     0     0
  (2713)     0     0     0     0      0     0     0     0
  (2721)     0     0     0     0      0     0     0     0
  (2729)     0     0     0     0      0     0     0     0
  (2737)     0     0     0     0      0     0     0     0
  (2745)     0     0     0     0      0     0     0     0
  (2753)     0     0     0     0      0     0     0     0
  (2761)     0     0     0     0      0     0     0     0
  (2769)     0     0     0     0      0     0     0     0
  (2777)     0     0     0     0      0     0     0     0
  (2785)     0     0     0     0      0     0     0     0
  (2793)     0     0     0     0      0     0     0     0
  (2801)     0     0     0     0      0     0     0     0
  (2809)     0     0     0     0      0     0     0     0

  (2817)     0     0     0     0      0     0     0     0
  (2825)     0     0     0     0      0     0     0     0
  (2833)     0     0     0     0      0     0     0     0
  (2841)     0     0     0     0      0     0     0     0
  (2849)     0     0     0     0      0     0     0     0
  (2857)     0     0     0     0      0     0     0     0
  (2865)     0     0     0     0      0     0     0     0
  (2873)     0     0     0     0      0     0     0     0
  (2881)     0     0     0     0      0     0     0     0
  (2889)     0     0     0     0      0     0     0     0
  (2897)     0     0     0     0      0     0     0     0
  (2905)     0     0     0     0      0     0     0     0
  (2913)     0     0     0     0      0     0     0     0
  (2921)     0     0     0     0      0     0     0     0
  (2929)     0     0     0     0      0     0     0     0
  (2937)     0     0     0     0      0     0     0     0

  (2945)     0     0     0     0      0     0     0     0
  (2953)     0     0     0     0      0     0     0     0
  (2961)     0     0     0     0      0     0     0     0
  (2969)     0     0     0     0      0     0     0     0
  (2977)     0     0     0     0      0     0     0     0
  (2985)     0     0     0     0      0     0     0     0
  (2993)     0     0     0     0      0     0     0     0
  (3001)     0     0     0     0      0     0     0     0
  (3009)     0     0     0     0      0     0     0     0
  (3017)     0     0     0     0      0     0     0     0
  (3025)     0     0     0     0      0     0     0     0
  (3033)     0     0     0     0      0     0     0     0
  (3041)     0     0     0     0      0     0     0     0
  (3049)     0     0     0     0      0     0     0     0
  (3057)     0     0     0     0      0     0     0     0
  (3065)     0     0     0     0      0     0     0     0

  (3073)     0     0     0     0      0     0     0     0
  (3081)     0     0     0     0      0     0     0     0
  (3089)     0     0     0     0      0     0     0     0
  (3097)     0     0     0     0      0     0     0     0
  (3105)     0     0     0     0      0     0     0     0
  (3113)     0     0     0     0      0     0     0     0
  (3121)     0     0     0     0      0     0     0     0
  (3129)     0     0     0     0      0     0     0     0
  (3137)     0     0     0     0      0     0     0     0
  (3145)     0     0     0     0      0     0     0     0
  (3153)     0     0     0     0      0     0     0     0
  (3161)     0     0     0     0      0     0     0     0
  (3169)     0     0     0     0      0     0     0     0
  (3177)     0     0     0     0      0     0     0     0
  (3185)     0     0     0     0      0     0     0     0
  (3193)     0     0     0     0      0     0     0     0

  (3201)     0     0     0     0      0     0     0     0
  (3209)     0     0     0     0      0     0     0     0
  (3217)     0     0     0     0      0     0     0     0
  (3225)     0     0     0     0      0     0     0     0
  (3233)     0     0     0     0      0     0     0     0
  (3241)     0     0     0     0      0     0     0     0
  (3249)     0     0     0     0      0     0     0     0
  (3257)     0     0     0     0      0     0     0     0
  (3265)     0     0     0     0      0     0     0     0
  (3273)     0     0     0     0      0     0     0     0
  (3281)     0     0     0     0      0     0     0     0
  (3289)     0     0     0     0      0     0     0     0
  (3297)     0     0     0     0      0     0     0     0
  (3305)     0     0     0     0      0     0     0     0
  (3313)     0     0     0     0      0     0     0     0
  (3321)     0     0     0     0      0     0     0     0

  (3329)     0     0     0     0      0     0     0     0
  (3337)     0     0     0     0      0     0     0     0
  (3345)     0     0     0     0      0     0     0     0
  (3353)     0     0     0     0      0     0     0     0
  (3361)     0     0     0     0      0     0     0     0
  (3369)     0     0     0     0      0     0     0     0
  (3377)     0     0     0     0      0     0     0     0
  (3385)     0     0     0     0      0     0     0     0
  (3393)     0     0     0     0      0     0     0     0
  (3401)     0     0     0     0      0     0     0     0
  (3409)     0     0     0     0      0     0     0     0
  (3417)     0     0     0     0      0     0     0     0
  (3425)     0     0     0     0      0     0     0     0
  (3433)     0     0     0     0      0     0     0     0
  (3441)     0     0     0     0      0     0     0     0
  (3449)     0     0     0     0      0     0     0     0

  (3457)     0     0     0     0      0     0     0     0
  (3465)     0     0     0     0      0     0     0     0
  (3473)     0     0     0     0      0     0     0     0
  (3481)     0     0     0     0      0     0     0     0
  (3489)     0     0     0     0      0     0     0     0
  (3497)     0     0     0     0      0     0     0     0
  (3505)     0     0     0     0      0     0     0     0
  (3513)     0     0     0     0      0     0     0     0
  (3521)     0     0     0     0      0     0     0     0
  (3529)     0     0     0     0      0     0     0     0
  (3537)     0     0     0     0      0     0     0     0
  (3545)     0     0     0     0      0     0     0     0
  (3553)     0     0     0     0      0     0     0     0
  (3561)     0     0     0     0      0     0     0     0
  (3569)     0     0     0     0      0     0     0     0
  (3577)     0     0     0     0      0     0     0     0

  (3585)     0     0     0     0      0     0     0     0
  (3593)     0     0     0     0      0     0     0     0
  (3601)     0     0     0     0      0     0     0     0
  (3609)     0     0     0     0      0     0     0     0
  (3617)     0     0     0     0      0     0     0     0
  (3625)     0     0     0     0      0     0     0     0
  (3633)     0     0     0     0      0     0     0     0
  (3641)     0     0     0     0      0     0     0     0
  (3649)     0     0     0     0      0     0     0     0
  (3657)     0     0     0     0      0     0     0     0
  (3665)     0     0     0     0      0     0     0     0
  (3673)     0     0     0     0      0     0     0     0
  (3681)     0     0     0     0      0     0     0     0
  (3689)     0     0     0     0      0     0     0     0
  (3697)     0     0     0     0      0     0     0     0
  (3705)     0     0     0     0      0     0     0     0

  (3713)     0     0     0     0      0     0     0     0
  (3721)     0     0     0     0      0     0     0     0
  (3729)     0     0     0     0      0     0     0     0
  (3737)     0     0     0     0      0     0     0     0
  (3745)     0     0     0     0      0     0     0     0
  (3753)     0     0     0     0      0     0     0     0
  (3761)     0     0     0     0      0     0     0     0
  (3769)     0     0     0     0      0     0     0     0
  (3777)     0     0     0     0      0     0     0     0
  (3785)     0     0     0     0      0     0     0     0
  (3793)     0     0     0     0      0     0     0     0
  (3801)     0     0     0     0      0     0     0     0
  (3809)     0     0     0     0      0     0     0     0
  (3817)     0     0     0     0      0     0     0     0
  (3825)     0     0     0     0      0     0     0     0
  (3833)     0     0     0     0      0     0     0     0

  (3841)     0     0     0     0      0     0     0     0
  (3849)     0     0     0     0      0     0     0     0
  (3857)     0     0     0     0      0     0     0     0
  (3865)     0     0     0     0      0     0     0     0
  (3873)     0     0     0     0      0     0     0     0
  (3881)     0     0     0     0      0     0     0     0
  (3889)     0     0     0     0      0     0     0     0
  (3897)     0     0     0     0      0     0     0     0
  (3905)     0     0     0     0      0     0     0     0
  (3913)     0     0     0     0      0     0     0     0
  (3921)     0     0     0     0      0     0     0     0
  (3929)     0     0     0     0      0     0     0     0
  (3937)     0     0     0     0      0     0     0     0
  (3945)     0     0     0     0      0     0     0     0
  (3953)     0     0     0     0      0     0     0     0
  (3961)     0     0     0     0      0     0     0     0

  (3969)     0     0     0     0      0     0     0     0
  (3977)     0     0     0     0      0     0     0     0
  (3985)     0     0     0     0      0     0     0     0
  (3993)     0     0     0     0      0     0     0     0
  (4001)     0     0     0     0      0     0     0     0
  (4009)     0     0     0     0      0     0     0     0
  (4017)     0     0     0     0      0     0     0     0
  (4025)     0     0     0     0      0     0     0     0
  (4033)     0     0     0     0      0     0     0     0
  (4041)     0     0     0     0      0     0     0     0
  (4049)     0     0     0     0      0     0     0     0
  (4057)     0     0     0     0      0     0     0     0
  (4065)     0     0     0     0      0     0     0     0
  (4073)     0     0     0     0      0     0     0     0
  (4081)     0     0     0     0      0     0     0     0
  (4089)     0     0     0     0      0     0     0     0

VES1724-56# 7
VES1724-56# 7
VES1724-56# 7
VES1724-56# 7
VES1724-56# 7
VES1724-56# 7