Copyright (c) 1994 - 2015 ZyXEL Communications Corp.
VES1724-56# 7show vdsl-status subcarrier qln 2 2
77777777777777777777777777777777777   
  VDSL status sub-carrier QLN(dBm/Hz):
  port 02 Down Stream, group size: 1
            01     02     03     04      05     06     07     08
  --------------------------------------------------------------
  (001) -150.5 -150.5 -150.5 -150.5  -150.5 -150.5 -150.5 -150.5
  (009) -150.5 -150.5 -150.5 -150.5  -150.5 -150.5 -150.5 -150.5
  (017) -150.5 -150.5 -150.5 -150.5  -150.5 -150.5 -150.5 -150.5
  (025) -150.5 -150.5 -150.5 -150.5  -150.5 -150.5 -150.5 -150.5
  (033) -150.5 -128.5 -128.5 -129.5  -128.5 -128.5 -129.0 -129.0
  (041) -129.5 -128.5 -129.0 -129.0  -129.5 -128.5 -128.0 -128.0
  (049) -128.0 -129.0 -129.0 -129.0  -128.0 -128.0 -128.0 -128.5
  (057) -129.0 -128.0 -129.0 -128.0  -129.0 -128.5 -128.5 -129.0
  (065) -129.0 -129.5 -128.5 -129.5  -129.5 -129.5 -130.0 -129.0
  (073) -130.0 -129.5 -130.0 -130.0  -130.0 -131.0 -131.0 -131.0
  (081) -129.5 -130.0 -131.0 -131.0  -131.5 -131.0 -131.5 -131.0
  (089) -131.0 -131.5 -131.5 -132.0  -131.5 -132.0 -131.5 -132.0
  (097) -132.5 -132.0 -132.5 -132.0  -132.5 -132.5 -132.5 -133.0
  (105) -133.0 -133.0 -133.5 -133.0  -133.5 -133.5 -133.5 -134.0
  (113) -134.5 -133.0 -134.0 -133.5  -134.0 -134.5 -134.5 -135.0
  (121) -134.5 -134.0 -134.5 -134.0  -134.0 -134.0 -133.5 -133.0

  (129) -133.0 -133.5 -133.5 -133.5  -133.0 -132.5 -133.0 -134.5
  (137) -134.0 -134.5 -134.0 -135.0  -135.0 -135.5 -135.0 -136.0
  (145) -135.5 -135.5 -135.5 -135.5  -135.5 -135.5 -135.5 -136.5
  (153) -135.5 -136.0 -135.0 -136.5  -136.5 -136.0 -136.0 -136.0
  (161) -135.5 -137.0 -136.0 -136.5  -137.0 -135.0 -136.0 -137.0
  (169) -136.0 -136.5 -136.0 -137.0  -137.0 -136.5 -137.5 -136.5
  (177) -137.5 -137.0 -137.0 -137.5  -137.5 -137.5 -137.5 -137.5
  (185) -137.0 -137.5 -138.0 -137.5  -137.0 -137.0 -136.5 -138.0
  (193) -137.0 -138.5 -138.0 -137.5  -138.0 -138.0 -137.0 -138.0
  (201) -138.0 -137.0 -138.0 -138.0  -138.0 -138.0 -137.5 -138.0
  (209) -137.5 -138.0 -137.5 -137.5  -138.0 -137.0 -137.5 -138.0
  (217) -138.0 -138.0 -138.0 -138.0  -138.0 -138.0 -138.0 -138.0
  (225) -138.5 -138.5 -138.0 -138.5  -138.0 -138.5 -138.0 -139.0
  (233) -138.5 -138.0 -139.5 -139.0  -138.5 -139.0 -138.5 -138.5
  (241) -138.5 -139.0 -139.0 -139.5  -139.0 -139.0 -139.0 -139.5
  (249) -139.5 -139.0 -139.5 -139.0  -139.5 -140.0 -139.5 -140.0

  (257) -139.5 -139.0 -139.5 -141.0  -140.0 -140.5 -139.5 -140.0
  (265) -140.5 -140.5 -140.0 -140.5  -140.0 -141.0 -139.5 -140.5
  (273) -140.5 -140.5 -141.5 -140.5  -141.0 -140.5 -141.5 -141.0
  (281) -141.5 -137.0 -141.0 -140.5  -140.5 -141.0 -141.5 -141.5
  (289) -141.0 -141.5 -141.5 -141.5  -142.5 -141.5 -142.5 -141.5
  (297) -142.5 -141.5 -141.5 -142.0  -141.0 -143.0 -142.0 -142.5
  (305) -142.5 -142.0 -142.0 -142.0  -142.0 -142.0 -143.5 -142.5
  (313) -142.5 -142.0 -143.5 -143.0  -142.0 -142.5 -142.0 -143.0
  (321) -142.5 -142.5 -143.0 -142.0  -143.0 -143.0 -142.0 -143.0
  (329) -143.0 -142.5 -142.0 -143.0  -143.5 -142.5 -142.5 -142.5
  (337) -142.5 -143.0 -142.5 -143.0  -142.0 -142.5 -142.0 -142.0
  (345) -142.0 -142.5 -142.5 -142.5  -143.0 -143.0 -142.0 -142.5
  (353) -143.0 -143.0 -142.5 -142.5  -141.5 -143.0 -143.0 -143.0
  (361) -143.0 -142.5 -142.5 -142.0  -142.5 -142.5 -142.5 -142.5
  (369) -143.0 -143.0 -142.5 -143.0  -142.5 -142.0 -143.5 -142.5
  (377) -143.0 -142.0 -143.0 -142.5  -141.5 -142.0 -142.5 -143.0

  (385) -143.0 -143.0 -142.5 -143.0  -143.0 -142.5 -142.0 -143.0
  (393) -142.5 -143.0 -143.0 -143.0  -143.5 -143.0 -143.0 -144.0
  (401) -143.5 -142.5 -143.0 -143.0  -143.5 -144.0 -144.0 -143.0
  (409) -143.5 -144.0 -144.5 -144.5  -144.0 -144.5 -144.5 -144.0
  (417) -145.5 -143.5 -144.0 -145.0  -144.5 -144.5 -145.0 -144.5
  (425) -144.5 -144.5 -144.5 -145.0  -145.0 -144.5 -145.0 -145.5
  (433) -146.0 -145.5 -146.0 -145.5  -146.0 -146.0 -146.0 -146.0
  (441) -145.5 -146.0 -145.5 -145.5  -146.0 -146.5 -145.5 -146.5
  (449) -146.5 -146.0 -146.0 -145.5  -146.0 -146.0 -146.5 -146.5
  (457) -147.0 -145.5 -146.5 -146.5  -146.0 -147.0 -146.0 -146.5
  (465) -146.0 -147.0 -147.0 -147.0  -146.5 -147.0 -146.5 -146.0
  (473) -147.0 -146.0 -144.0 -128.0  -144.5 -146.0 -145.5 -146.0
  (481) -146.5 -146.0 -146.0 -147.0  -146.0 -146.0 -145.5 -146.0
  (489) -146.0 -145.0 -145.5 -145.5  -145.5 -146.0 -145.5 -145.5
  (497) -146.0 -145.5 -145.5 -145.5  -145.5 -146.5 -145.5 -145.0
  (505) -146.0 -145.5 -145.0 -145.5  -146.0 -145.0 -146.5 -145.0

VES1724-56# 7
VES1724-56# 7
VES1724-56# 7
VES1724-56# 7
VES1724-56# 7
VES1724-56# 7