Copyright (c) 1994 - 2015 ZyXEL Communications Corp.
VES1724-56# 7show vdsl-status subcarrier snr 2 2
77777777777777777777777777777777777   
  VDSL status sub-carrier SNR(dBm/Hz):
  port 02 Down Stream, group size: 1
           01    02    03    04     05    06    07    08
  ------------------------------------------------------
  (001)   0.0   0.0   0.0   0.0    0.0   0.0   0.0   0.0
  (009)   0.0   0.0   0.0   0.0    0.0   0.0   0.0   0.0
  (017)   0.0   0.0   0.0   0.0    0.0   0.0   0.0   0.0
  (025)   0.0   0.0   0.0   0.0    0.0   0.0   0.0   0.0
  (033)   0.0  52.0  53.5  54.5   55.5  56.0  56.5  57.0
  (041)  57.5  58.0  58.5  58.5   59.0  59.5  59.5  59.5
  (049)  60.0  60.0  60.0  60.5   61.0  61.0  60.5  61.0
  (057)  61.5  61.0  61.5  61.5   61.5  61.5  61.5  62.0
  (065)  62.0  61.5  62.0  62.0   62.0  61.5  62.0  61.5
  (073)  62.0  61.5  61.0  62.0   62.0  62.0  62.0  62.0
  (081)  61.0  61.5  62.0  61.5   61.5  62.0  62.0  62.0
  (089)  62.0  62.0  62.0  62.0   62.0  61.5  62.0  61.5
  (097)  62.0  62.0  61.5  61.5   61.5  61.0  61.0  61.0
  (105)  61.5  61.0  62.0  62.0   61.5  61.5  61.0  61.0
  (113)  61.5  61.0  61.0  61.0   61.5  61.0  61.0  60.5
  (121)  61.0  60.5  60.5  60.5   60.5  60.0  59.5  59.0

  (129)  59.0  58.5  58.0  58.0   58.0  58.5  59.0  59.0
  (137)  59.5  59.0  59.0  59.0   59.0  59.5  59.5  59.5
  (145)  59.5  42.5  59.5  59.5   59.5  59.5  59.5  59.5
  (153)  59.5  59.5  59.5  59.5   59.5  59.5  59.5  59.5
  (161)  59.5  59.0  59.0  59.0   58.5  55.5  59.0  59.0
  (169)  59.0  58.5  58.5  58.5   58.5  58.5  58.5  58.5
  (177)  58.5  58.0  58.5  58.0   58.5  58.0  58.0  58.0
  (185)  58.0  58.0  57.5  57.5   57.5  57.0  57.0  57.0
  (193)  57.0  56.5  56.5  56.5   56.0  56.0  56.0  56.0
  (201)  56.0  55.5  55.5  55.5   55.5  55.0  55.0  55.0
  (209)  55.0  55.0  54.5  54.5   54.5  54.5  54.5  54.5
  (217)  54.5  54.0  54.5  54.0   54.0  54.5  54.0  54.0
  (225)  54.0  53.5  53.5  53.5   53.5  53.0  53.0  53.0
  (233)  53.0  53.0  52.5  52.5   52.5  52.5  52.5  52.5
  (241)  52.5  52.5  52.5  52.5   52.5  52.5  52.5  52.5
  (249)  52.5  52.5  52.5  52.5   52.5  52.5  52.5  52.5

  (257)  52.5  52.0  52.0  52.0   52.0  52.0  52.0  52.0
  (265)  52.0  51.5  51.5  51.5   51.5  51.5  51.5  51.5
  (273)  51.5  51.0  51.0  51.5   51.0  51.5  51.0  51.5
  (281)  51.0  46.5  51.0  50.0   51.0  50.5  51.0  51.0
  (289)  51.0  51.0  51.0  51.0   51.0  51.0  51.0  50.5
  (297)  50.5  50.5  50.5  50.5   50.5  50.5  50.5  50.5
  (305)  50.5  50.0  50.0  50.0   49.5  49.5  49.5  49.5
  (313)  49.5  49.5  49.5  49.0   49.0  49.0  49.0  48.5
  (321)  48.5  48.5  48.5  48.0   48.0  48.0  48.0  47.5
  (329)  47.5  47.5  47.0  47.0   47.0  47.0  46.5  47.0
  (337)  46.5  46.5  46.5  46.5   46.0  46.0  46.0  45.5
  (345)  46.0  46.0  46.0  45.5   45.5  45.5  45.0  45.0
  (353)  45.0  45.0  44.5  44.5   44.5  44.5  44.5  44.0
  (361)  44.0  43.5  43.5  43.5   43.5  43.0  43.0  43.0
  (369)  42.5  42.5  42.5  42.5   42.5  42.0  42.0  42.0
  (377)  41.5  41.5  41.5  41.5   41.5  41.5  41.0  41.0

  (385)  41.0  41.0  41.0  41.0   41.0  41.0  40.5  40.5
  (393)  40.5  40.5  40.5  40.0   40.0  40.0  40.0  40.0
  (401)  40.0  40.0  39.5  40.0   39.5  40.0  39.5  39.5
  (409)  39.5  39.5  39.5  39.5   39.5  39.5  39.0  39.0
  (417)  39.0  39.0  39.0  39.0   39.0  38.5  38.5  38.5
  (425)  38.5  39.0  38.5  38.5   38.0  38.0  38.0  38.0
  (433)  38.0  38.0  38.0  37.5   37.5  37.5  37.5  37.0
  (441)  37.0  37.0  37.0  37.0   36.5  36.5  36.5  36.5
  (449)  36.5  36.0  36.0  36.0   35.5  35.5  35.5  35.5
  (457)  35.0  35.0  35.0  34.5   34.5  34.5  34.5  34.0
  (465)  33.5  33.5  33.5  33.0   33.0  32.5  32.5  32.5
  (473)  32.0  31.5  30.5  17.5   30.5  30.5  31.0  30.5
  (481)  30.5  30.0  30.0  29.5   29.0  29.0  29.0  28.5
  (489)  28.5  28.5  28.0  28.0   28.0  28.0  27.5  27.0
  (497)  27.5  26.5  26.5  26.5   26.5  26.0  25.5  25.5
  (505)  26.0  25.5  25.0  24.5   25.0  23.5  23.0  21.0

VES1724-56# 7
VES1724-56# 7
VES1724-56# 7
VES1724-56# 7
VES1724-56# 7
VES1724-56# 7