Copyright (c) 1994 - 2015 ZyXEL Communications Corp.
VES1724-56# 7show vdsl-status subcarrier snr 2 1
77777777777777777777777777777777777   
  VDSL status sub-carrier SNR(dBm/Hz):
  port 02 Up Stream, group size: 1
           01    02    03    04     05    06    07    08
  ------------------------------------------------------
  (001)   0.0   0.0   0.0   0.0    0.0   0.0   0.0  37.0
  (009)  44.0  48.5  50.0  51.5   53.0  54.0  54.0  54.5
  (017)  53.5  53.5  54.5  55.5   57.5  58.5  59.5  59.0
  (025)  59.0  58.0  57.5  56.0   54.5  51.5  47.5  43.0
  (033)   0.0   0.0   0.0   0.0    0.0   0.0   0.0   0.0
  (041)   0.0   0.0   0.0   0.0    0.0   0.0   0.0   0.0
  (049)   0.0   0.0   0.0   0.0    0.0   0.0   0.0   0.0
  (057)   0.0   0.0   0.0   0.0    0.0   0.0   0.0   0.0
  (065)   0.0   0.0   0.0   0.0    0.0   0.0   0.0   0.0
  (073)   0.0   0.0   0.0   0.0    0.0   0.0   0.0   0.0
  (081)   0.0   0.0   0.0   0.0    0.0   0.0   0.0   0.0
  (089)   0.0   0.0   0.0   0.0    0.0   0.0   0.0   0.0
  (097)   0.0   0.0   0.0   0.0    0.0   0.0   0.0   0.0
  (105)   0.0   0.0   0.0   0.0    0.0   0.0   0.0   0.0
  (113)   0.0   0.0   0.0   0.0    0.0   0.0   0.0   0.0
  (121)   0.0   0.0   0.0   0.0    0.0   0.0   0.0   0.0

  (129)   0.0   0.0   0.0   0.0    0.0   0.0   0.0   0.0
  (137)   0.0   0.0   0.0   0.0    0.0   0.0   0.0   0.0
  (145)   0.0   0.0   0.0   0.0    0.0   0.0   0.0   0.0
  (153)   0.0   0.0   0.0   0.0    0.0   0.0   0.0   0.0
  (161)   0.0   0.0   0.0   0.0    0.0   0.0   0.0   0.0
  (169)   0.0   0.0   0.0   0.0    0.0   0.0   0.0   0.0
  (177)   0.0   0.0   0.0   0.0    0.0   0.0   0.0   0.0
  (185)   0.0   0.0   0.0   0.0    0.0   0.0   0.0   0.0
  (193)   0.0   0.0   0.0   0.0    0.0   0.0   0.0   0.0
  (201)   0.0   0.0   0.0   0.0    0.0   0.0   0.0   0.0
  (209)   0.0   0.0   0.0   0.0    0.0   0.0   0.0   0.0
  (217)   0.0   0.0   0.0   0.0    0.0   0.0   0.0   0.0
  (225)   0.0   0.0   0.0   0.0    0.0   0.0   0.0   0.0
  (233)   0.0   0.0   0.0   0.0    0.0   0.0   0.0   0.0
  (241)   0.0   0.0   0.0   0.0    0.0   0.0   0.0   0.0
  (249)   0.0   0.0   0.0   0.0    0.0   0.0   0.0   0.0

  (257)   0.0   0.0   0.0   0.0    0.0   0.0   0.0   0.0
  (265)   0.0   0.0   0.0   0.0    0.0   0.0   0.0   0.0
  (273)   0.0   0.0   0.0   0.0    0.0   0.0   0.0   0.0
  (281)   0.0   0.0   0.0   0.0    0.0   0.0   0.0   0.0
  (289)   0.0   0.0   0.0   0.0    0.0   0.0   0.0   0.0
  (297)   0.0   0.0   0.0   0.0    0.0   0.0   0.0   0.0
  (305)   0.0   0.0   0.0   0.0    0.0   0.0   0.0   0.0
  (313)   0.0   0.0   0.0   0.0    0.0   0.0   0.0   0.0
  (321)   0.0   0.0   0.0   0.0    0.0   0.0   0.0   0.0
  (329)   0.0   0.0   0.0   0.0    0.0   0.0   0.0   0.0
  (337)   0.0   0.0   0.0   0.0    0.0   0.0   0.0   0.0
  (345)   0.0   0.0   0.0   0.0    0.0   0.0   0.0   0.0
  (353)   0.0   0.0   0.0   0.0    0.0   0.0   0.0   0.0
  (361)   0.0   0.0   0.0   0.0    0.0   0.0   0.0   0.0
  (369)   0.0   0.0   0.0   0.0    0.0   0.0   0.0   0.0
  (377)   0.0   0.0   0.0   0.0    0.0   0.0   0.0   0.0

  (385)   0.0   0.0   0.0   0.0    0.0   0.0   0.0   0.0
  (393)   0.0   0.0   0.0   0.0    0.0   0.0   0.0   0.0
  (401)   0.0   0.0   0.0   0.0    0.0   0.0   0.0   0.0
  (409)   0.0   0.0   0.0   0.0    0.0   0.0   0.0   0.0
  (417)   0.0   0.0   0.0   0.0    0.0   0.0   0.0   0.0
  (425)   0.0   0.0   0.0   0.0    0.0   0.0   0.0   0.0
  (433)   0.0   0.0   0.0   0.0    0.0   0.0   0.0   0.0
  (441)   0.0   0.0   0.0   0.0    0.0   0.0   0.0   0.0
  (449)   0.0   0.0   0.0   0.0    0.0   0.0   0.0   0.0
  (457)   0.0   0.0   0.0   0.0    0.0   0.0   0.0   0.0
  (465)   0.0   0.0   0.0   0.0    0.0   0.0   0.0   0.0
  (473)   0.0   0.0   0.0   0.0    0.0   0.0   0.0   0.0
  (481)   0.0   0.0   0.0   0.0    0.0   0.0   0.0   0.0
  (489)   0.0   0.0   0.0   0.0    0.0   0.0   0.0   0.0
  (497)   0.0   0.0   0.0   0.0    0.0   0.0   0.0   0.0
  (505)   0.0   0.0   0.0   0.0    0.0   0.0   0.0   0.0

VES1724-56# 7
VES1724-56# 7
VES1724-56# 7
VES1724-56# 7
VES1724-56# 7
VES1724-56# 7