Copyright (c) 1994 - 2015 ZyXEL Communications Corp.
VES1724-56# 7show vdsl-status subcarrier hlog 2 2
777777777777777777777777777777777777   
  VDSL status sub-carrier Hlog(dB/Hz):
  port 02 Down Stream, group size: 1
           01    02    03    04     05    06    07    08
  ------------------------------------------------------
  (001) -96.0 -96.0 -96.0 -96.0  -96.0 -96.0 -96.0 -96.0
  (009) -96.0 -96.0 -96.0 -96.0  -96.0 -96.0 -96.0 -96.0
  (017) -96.0 -96.0 -96.0 -96.0  -96.0 -96.0 -96.0 -96.0
  (025) -96.0 -96.0 -96.0 -96.0  -96.0 -96.0 -96.0 -96.0
  (033) -21.5 -21.0 -20.5 -20.1  -19.8 -19.6 -19.1 -18.8
  (041) -18.5 -18.2 -18.1 -18.0  -18.0 -17.6 -17.3 -17.1
  (049) -17.0 -16.8 -16.8 -16.8  -16.6 -16.6 -16.5 -16.5
  (057) -16.5 -16.6 -16.6 -16.7  -16.8 -16.9 -17.1 -17.2
  (065) -17.3 -17.5 -17.6 -17.8  -17.9 -18.1 -18.3 -18.4
  (073) -18.6 -18.7 -18.9 -19.1  -19.2 -19.4 -19.6 -19.8
  (081) -20.0 -20.1 -20.3 -20.5  -20.6 -20.8 -21.0 -21.1
  (089) -21.3 -21.5 -21.6 -21.8  -22.0 -22.1 -22.3 -22.5
  (097) -22.6 -22.8 -22.9 -23.1  -23.2 -23.3 -23.5 -23.7
  (105) -23.8 -24.0 -24.1 -24.2  -24.4 -24.5 -24.7 -24.8
  (113) -24.9 -25.1 -25.3 -25.3  -25.5 -25.6 -25.7 -25.9
  (121) -26.0 -26.2 -26.3 -26.5  -26.6 -26.6 -26.8 -27.0

  (129) -27.1 -27.1 -27.3 -27.4  -27.5 -27.6 -27.8 -27.9
  (137) -28.0 -28.1 -28.3 -28.4  -28.5 -28.6 -28.7 -28.8
  (145) -28.9 -29.1 -29.1 -29.2  -29.3 -29.5 -29.6 -29.6
  (153) -29.8 -29.9 -30.0 -30.1  -30.1 -30.3 -30.4 -30.5
  (161) -30.6 -30.6 -30.8 -30.9  -31.0 -31.1 -31.2 -31.3
  (169) -31.5 -31.5 -31.6 -31.7  -31.8 -31.9 -32.0 -32.1
  (177) -32.1 -32.3 -32.3 -32.4  -32.5 -32.6 -32.7 -32.8
  (185) -32.9 -33.0 -33.1 -33.1  -33.3 -33.4 -33.4 -33.5
  (193) -33.6 -33.7 -33.8 -33.9  -34.0 -34.1 -34.1 -34.2
  (201) -34.3 -34.3 -34.5 -34.5  -34.6 -34.7 -34.8 -34.9
  (209) -35.0 -35.0 -35.1 -35.1  -35.3 -35.3 -35.5 -35.6
  (217) -35.7 -35.8 -35.9 -36.0  -36.1 -36.2 -36.3 -36.4
  (225) -36.5 -36.6 -36.6 -36.8  -36.8 -37.0 -37.0 -37.1
  (233) -37.2 -37.3 -37.4 -37.5  -37.6 -37.6 -37.8 -37.8
  (241) -38.0 -38.0 -38.1 -38.1  -38.3 -38.3 -38.5 -38.6
  (249) -38.6 -38.8 -38.9 -39.0  -39.0 -39.1 -39.3 -39.3

  (257) -39.5 -39.5 -39.6 -39.7  -39.8 -39.9 -40.0 -40.1
  (265) -40.1 -40.3 -40.3 -40.5  -40.5 -40.6 -40.7 -40.8
  (273) -40.8 -40.9 -41.0 -41.1  -41.2 -41.3 -41.3 -41.4
  (281) -41.5 -41.6 -41.7 -41.8  -41.8 -41.9 -42.0 -42.1
  (289) -42.1 -42.2 -42.3 -42.4  -42.5 -42.6 -42.6 -42.8
  (297) -42.8 -42.9 -43.0 -43.1  -43.2 -43.3 -43.4 -43.5
  (305) -43.6 -43.6 -43.7 -43.8  -43.9 -44.0 -44.1 -44.1
  (313) -44.2 -44.3 -44.4 -44.4  -44.5 -44.6 -44.7 -44.8
  (321) -44.9 -45.0 -45.0 -45.1  -45.1 -45.2 -45.3 -45.4
  (329) -45.5 -45.5 -45.6 -45.6  -45.7 -45.8 -45.9 -46.0
  (337) -46.1 -46.1 -46.2 -46.3  -46.3 -46.5 -46.6 -46.6
  (345) -46.8 -46.8 -46.9 -47.0  -47.1 -47.2 -47.3 -47.3
  (353) -47.4 -47.6 -47.6 -47.6  -47.7 -47.8 -47.9 -48.0
  (361) -48.1 -48.1 -48.3 -48.3  -48.2 -48.5 -48.4 -48.5
  (369) -48.6 -48.5 -48.6 -48.8  -48.8 -48.8 -48.8 -48.9
  (377) -48.9 -49.0 -49.1 -49.1  -49.4 -49.3 -49.5 -49.6

  (385) -49.6 -49.6 -50.0 -49.8  -49.9 -50.1 -50.2 -50.3
  (393) -50.2 -50.5 -50.6 -50.5  -50.6 -50.8 -50.8 -51.0
  (401) -51.0 -51.0 -51.0 -51.1  -51.3 -51.2 -51.4 -51.4
  (409) -51.4 -51.7 -51.7 -51.5  -51.6 -51.7 -52.0 -51.8
  (417) -52.1 -52.0 -52.1 -52.1  -52.4 -52.2 -52.3 -52.5
  (425) -52.5 -52.6 -52.8 -53.1  -53.1 -53.0 -53.3 -53.6
  (433) -53.7 -53.8 -53.8 -54.0  -53.8 -54.0 -54.2 -54.5
  (441) -54.5 -54.6 -54.9 -54.7  -54.6 -54.8 -55.1 -55.0
  (449) -55.3 -55.5 -55.8 -55.8  -55.8 -56.1 -56.0 -56.3
  (457) -56.0 -56.5 -56.5 -56.8  -56.8 -57.0 -57.2 -57.0
  (465) -57.0 -57.6 -57.5 -57.6  -58.1 -57.7 -58.4 -58.6
  (473) -59.1 -58.7 -58.6 -59.3  -59.3 -59.3 -59.9 -59.9
  (481) -59.9 -60.8 -60.2 -60.1  -61.3 -60.6 -60.8 -62.0
  (489) -62.1 -61.6 -61.8 -62.4  -62.0 -61.5 -62.7 -62.6
  (497) -62.6 -62.5 -62.7 -62.3  -62.6 -62.5 -62.6 -62.9
  (505) -64.2 -64.1 -63.4 -64.0  -63.0 -63.2 -63.3 -63.2

VES1724-56# 7
VES1724-56# 7
VES1724-56# 7
VES1724-56# 7
VES1724-56# 7
VES1724-56# 7