Copyright (c) 1994 - 2015 ZyXEL Communications Corp.
VES1724-56# 7show vdsl-status subcarrier qln 2 1
77777777777777777777777777777777777   
  VDSL status sub-carrier QLN(dBm/Hz):
  port 02 Up Stream, group size: 1
            01     02     03     04      05     06     07     08
  --------------------------------------------------------------
  (001) -150.5 -150.5 -150.5 -150.5  -150.5 -150.5 -150.5 -119.5
  (009) -119.5 -121.5 -120.0 -122.0  -123.0 -127.5 -124.0 -127.0
  (017) -127.0 -127.5 -127.0 -129.5  -129.0 -129.0 -132.0 -130.5
  (025) -131.0 -130.5 -130.0 -130.5  -132.5 -131.5 -133.0 -133.0
  (033) -150.5 -150.5 -150.5 -150.5  -150.5 -150.5 -150.5 -150.5
  (041) -150.5 -150.5 -150.5 -150.5  -150.5 -150.5 -150.5 -150.5
  (049) -150.5 -150.5 -150.5 -150.5  -150.5 -150.5 -150.5 -150.5
  (057) -150.5 -150.5 -150.5 -150.5  -150.5 -150.5 -150.5 -150.5
  (065)  -23.0  -23.0  -23.0  -23.0   -23.0  -23.0  -23.0  -23.0
  (073)  -23.0  -23.0  -23.0  -23.0   -23.0  -23.0  -23.0  -23.0
  (081)  -23.0  -23.0  -23.0  -23.0   -23.0  -23.0  -23.0  -23.0
  (089)  -23.0  -23.0  -23.0  -23.0   -23.0  -23.0  -23.0  -23.0
  (097)  -23.0  -23.0  -23.0  -23.0   -23.0  -23.0  -23.0  -23.0
  (105)  -23.0  -23.0  -23.0  -23.0   -23.0  -23.0  -23.0  -23.0
  (113)  -23.0  -23.0  -23.0  -23.0   -23.0  -23.0  -23.0  -23.0
  (121)  -23.0  -23.0  -23.0  -23.0   -23.0  -23.0  -23.0  -23.0

  (129)  -23.0  -23.0  -23.0  -23.0   -23.0  -23.0  -23.0  -23.0
  (137)  -23.0  -23.0  -23.0  -23.0   -23.0  -23.0  -23.0  -23.0
  (145)  -23.0  -23.0  -23.0  -23.0   -23.0  -23.0  -23.0  -23.0
  (153)  -23.0  -23.0  -23.0  -23.0   -23.0  -23.0  -23.0  -23.0
  (161)  -23.0  -23.0  -23.0  -23.0   -23.0  -23.0  -23.0  -23.0
  (169)  -23.0  -23.0  -23.0  -23.0   -23.0  -23.0  -23.0  -23.0
  (177)  -23.0  -23.0  -23.0  -23.0   -23.0  -23.0  -23.0  -23.0
  (185)  -23.0  -23.0  -23.0  -23.0   -23.0  -23.0  -23.0  -23.0
  (193)  -23.0  -23.0  -23.0  -23.0   -23.0  -23.0  -23.0  -23.0
  (201)  -23.0  -23.0  -23.0  -23.0   -23.0  -23.0  -23.0  -23.0
  (209)  -23.0  -23.0  -23.0  -23.0   -23.0  -23.0  -23.0  -23.0
  (217)  -23.0  -23.0  -23.0  -23.0   -23.0  -23.0  -23.0  -23.0
  (225)  -23.0  -23.0  -23.0  -23.0   -23.0  -23.0  -23.0  -23.0
  (233)  -23.0  -23.0  -23.0  -23.0   -23.0  -23.0  -23.0  -23.0
  (241)  -23.0  -23.0  -23.0  -23.0   -23.0  -23.0  -23.0  -23.0
  (249)  -23.0  -23.0  -23.0  -23.0   -23.0  -23.0  -23.0  -23.0

  (257)  -23.0  -23.0  -23.0  -23.0   -23.0  -23.0  -23.0  -23.0
  (265)  -23.0  -23.0  -23.0  -23.0   -23.0  -23.0  -23.0  -23.0
  (273)  -23.0  -23.0  -23.0  -23.0   -23.0  -23.0  -23.0  -23.0
  (281)  -23.0  -23.0  -23.0  -23.0   -23.0  -23.0  -23.0  -23.0
  (289)  -23.0  -23.0  -23.0  -23.0   -23.0  -23.0  -23.0  -23.0
  (297)  -23.0  -23.0  -23.0  -23.0   -23.0  -23.0  -23.0  -23.0
  (305)  -23.0  -23.0  -23.0  -23.0   -23.0  -23.0  -23.0  -23.0
  (313)  -23.0  -23.0  -23.0  -23.0   -23.0  -23.0  -23.0  -23.0
  (321)  -23.0  -23.0  -23.0  -23.0   -23.0  -23.0  -23.0  -23.0
  (329)  -23.0  -23.0  -23.0  -23.0   -23.0  -23.0  -23.0  -23.0
  (337)  -23.0  -23.0  -23.0  -23.0   -23.0  -23.0  -23.0  -23.0
  (345)  -23.0  -23.0  -23.0  -23.0   -23.0  -23.0  -23.0  -23.0
  (353)  -23.0  -23.0  -23.0  -23.0   -23.0  -23.0  -23.0  -23.0
  (361)  -23.0  -23.0  -23.0  -23.0   -23.0  -23.0  -23.0  -23.0
  (369)  -23.0  -23.0  -23.0  -23.0   -23.0  -23.0  -23.0  -23.0
  (377)  -23.0  -23.0  -23.0  -23.0   -23.0  -23.0  -23.0  -23.0

  (385)  -23.0  -23.0  -23.0  -23.0   -23.0  -23.0  -23.0  -23.0
  (393)  -23.0  -23.0  -23.0  -23.0   -23.0  -23.0  -23.0  -23.0
  (401)  -23.0  -23.0  -23.0  -23.0   -23.0  -23.0  -23.0  -23.0
  (409)  -23.0  -23.0  -23.0  -23.0   -23.0  -23.0  -23.0  -23.0
  (417)  -23.0  -23.0  -23.0  -23.0   -23.0  -23.0  -23.0  -23.0
  (425)  -23.0  -23.0  -23.0  -23.0   -23.0  -23.0  -23.0  -23.0
  (433)  -23.0  -23.0  -23.0  -23.0   -23.0  -23.0  -23.0  -23.0
  (441)  -23.0  -23.0  -23.0  -23.0   -23.0  -23.0  -23.0  -23.0
  (449)  -23.0  -23.0  -23.0  -23.0   -23.0  -23.0  -23.0  -23.0
  (457)  -23.0  -23.0  -23.0  -23.0   -23.0  -23.0  -23.0  -23.0
  (465)  -23.0  -23.0  -23.0  -23.0   -23.0  -23.0  -23.0  -23.0
  (473)  -23.0  -23.0  -23.0  -23.0   -23.0  -23.0  -23.0  -23.0
  (481)  -23.0  -23.0  -23.0  -23.0   -23.0  -23.0  -23.0  -23.0
  (489)  -23.0  -23.0  -23.0  -23.0   -23.0  -23.0  -23.0  -23.0
  (497)  -23.0  -23.0  -23.0  -23.0   -23.0  -23.0  -23.0  -23.0
  (505)  -23.0  -23.0  -23.0  -23.0   -23.0  -23.0  -23.0  -23.0

VES1724-56# 7
VES1724-56# 7
VES1724-56# 7
VES1724-56# 7
VES1724-56# 7
VES1724-56# 7