Copyright (c) 1994 - 2014 ZyXEL Communications Corp.
VES1724-56# 7show vdsl-status subcarrier hlog 23 2
7777777777777777777777777777777777777   
  VDSL status sub-carrier Hlog(dB/Hz):
  port 23 Down Stream, group size: 1
           01    02    03    04     05    06    07    08
  ------------------------------------------------------
  (001) -96.0 -96.0 -96.0 -96.0  -96.0 -96.0 -96.0 -96.0
  (009) -96.0 -96.0 -96.0 -96.0  -96.0 -96.0 -96.0 -96.0
  (017) -96.0 -96.0 -96.0 -96.0  -96.0 -96.0 -96.0 -96.0
  (025) -96.0 -96.0 -96.0 -96.0  -96.0 -96.0 -96.0 -96.0
  (033) -23.0 -22.5 -22.0 -21.6  -21.3 -21.1 -20.6 -20.2
  (041) -20.0 -19.6 -19.5 -19.4  -19.4 -19.1 -18.8 -18.5
  (049) -18.5 -18.3 -18.4 -18.4  -18.3 -18.3 -18.2 -18.2
  (057) -18.2 -18.3 -18.4 -18.5  -18.6 -18.8 -18.9 -19.0
  (065) -19.1 -19.3 -19.5 -19.6  -19.8 -19.9 -20.1 -20.2
  (073) -20.5 -20.6 -20.8 -21.0  -21.1 -21.4 -21.6 -21.7
  (081) -21.9 -22.1 -22.2 -22.4  -22.6 -22.8 -22.8 -23.0
  (089) -23.3 -23.4 -23.6 -23.7  -23.9 -24.0 -24.2 -24.4
  (097) -24.5 -24.6 -24.8 -25.0  -25.1 -25.3 -25.4 -25.6
  (105) -25.6 -25.8 -26.0 -26.1  -26.3 -26.4 -26.6 -26.6
  (113) -26.8 -27.0 -27.1 -27.2  -27.3 -27.5 -27.6 -27.8
  (121) -27.9 -28.0 -28.1 -28.3  -28.4 -28.5 -28.6 -28.8

  (129) -29.0 -29.0 -29.1 -29.3  -29.5 -29.5 -29.6 -29.8
  (137) -29.8 -30.0 -30.1 -30.2  -30.3 -30.4 -30.5 -30.6
  (145) -30.7 -30.8 -31.0 -31.0  -31.2 -31.3 -31.5 -31.5
  (153) -31.6 -31.8 -31.8 -31.9  -32.0 -32.1 -32.2 -32.3
  (161) -32.5 -32.5 -32.6 -32.7  -32.8 -32.9 -33.0 -33.1
  (169) -33.3 -33.3 -33.4 -33.5  -33.6 -33.6 -33.8 -34.0
  (177) -34.0 -34.1 -34.2 -34.3  -34.4 -34.5 -34.6 -34.6
  (185) -34.7 -34.8 -35.0 -35.0  -35.1 -35.2 -35.2 -35.3
  (193) -35.5 -35.5 -35.6 -35.6  -35.8 -35.9 -35.9 -36.0
  (201) -36.1 -36.1 -36.2 -36.4  -36.5 -36.5 -36.6 -36.7
  (209) -36.8 -36.9 -36.9 -37.0  -37.1 -37.2 -37.3 -37.4
  (217) -37.5 -37.6 -37.8 -37.8  -38.0 -38.0 -38.1 -38.2
  (225) -38.3 -38.3 -38.5 -38.6  -38.6 -38.7 -38.8 -38.9
  (233) -39.0 -39.1 -39.2 -39.3  -39.4 -39.5 -39.6 -39.6
  (241) -39.8 -39.8 -40.0 -40.0  -40.1 -40.2 -40.3 -40.4
  (249) -40.5 -40.5 -40.6 -40.8  -40.8 -40.9 -41.0 -41.1

  (257) -41.3 -41.3 -41.5 -41.5  -41.6 -41.7 -41.8 -41.8
  (265) -42.0 -42.1 -42.1 -42.3  -42.3 -42.4 -42.5 -42.5
  (273) -42.6 -42.7 -42.8 -42.8  -43.0 -43.0 -43.1 -43.2
  (281) -43.3 -43.4 -43.5 -43.5  -43.6 -43.7 -43.8 -43.8
  (289) -44.0 -44.0 -44.1 -44.1  -44.2 -44.3 -44.5 -44.5
  (297) -44.6 -44.7 -44.8 -44.9  -45.0 -45.1 -45.2 -45.3
  (305) -45.5 -45.5 -45.6 -45.6  -45.8 -45.8 -45.9 -46.0
  (313) -46.0 -46.1 -46.2 -46.2  -46.3 -46.4 -46.4 -46.5
  (321) -46.6 -46.6 -46.8 -46.9  -46.9 -47.0 -47.1 -47.1
  (329) -47.1 -47.3 -47.3 -47.5  -47.5 -47.5 -47.6 -47.6
  (337) -47.8 -47.8 -48.0 -48.0  -48.1 -48.3 -48.4 -48.5
  (345) -48.6 -48.7 -48.8 -49.0  -49.0 -49.0 -49.1 -49.3
  (353) -49.4 -49.3 -49.5 -49.4  -49.5 -49.5 -49.6 -49.7
  (361) -49.6 -49.8 -49.8 -49.9  -50.0 -50.0 -50.1 -50.2
  (369) -50.2 -50.2 -50.4 -50.5  -50.5 -50.5 -50.6 -50.6
  (377) -50.6 -50.8 -50.8 -50.8  -51.0 -51.1 -51.1 -51.2

  (385) -51.3 -51.4 -51.5 -51.6  -51.7 -51.8 -52.0 -52.1
  (393) -52.2 -52.2 -52.3 -52.3  -52.4 -52.5 -52.5 -52.6
  (401) -52.5 -52.7 -52.7 -52.8  -52.7 -52.8 -52.9 -53.0
  (409) -53.0 -53.1 -53.2 -53.4  -53.5 -53.6 -53.6 -53.6
  (417) -53.7 -53.7 -53.8 -54.0  -54.0 -54.0 -54.0 -54.1
  (425) -54.3 -54.3 -54.5 -54.5  -54.6 -54.8 -55.0 -55.2
  (433) -55.3 -55.3 -55.5 -55.8  -55.8 -56.0 -56.1 -56.1
  (441) -56.3 -56.5 -56.4 -56.6  -56.5 -56.5 -56.6 -56.8
  (449) -57.0 -56.9 -57.1 -57.3  -57.3 -57.5 -57.8 -58.0
  (457) -58.1 -58.2 -58.5 -58.5  -58.5 -58.8 -58.9 -59.1
  (465) -59.3 -59.5 -59.5 -59.5  -59.7 -60.1 -60.1 -60.4
  (473) -60.7 -60.8 -61.1 -61.5  -62.1 -62.1 -62.5 -63.1
  (481) -63.5 -63.7 -63.7 -64.2  -64.3 -64.1 -64.7 -64.7
  (489) -65.4 -65.5 -66.0 -66.5  -66.8 -67.3 -67.3 -67.7
  (497) -68.3 -68.3 -69.2 -70.8  -70.4 -71.5 -71.8 -73.8
  (505) -73.8 -75.1 -76.7 -79.1  -96.0 -96.0 -96.0 -96.0

VES1724-56# 7 
7VES1724-56# 7Copyright (c) 1994 - 2014 ZyXEL Communications Corp.
VES1724-56# 7show vdsl-status subcarrier hlog 23 2
7777777777777777777777777777777777777   
  VDSL status sub-carrier Hlog(dB/Hz):
  port 23 Down Stream, group size: 1
           01    02    03    04     05    06    07    08
  ------------------------------------------------------
  (001) -96.0 -96.0 -96.0 -96.0  -96.0 -96.0 -96.0 -96.0
  (009) -96.0 -96.0 -96.0 -96.0  -96.0 -96.0 -96.0 -96.0
  (017) -96.0 -96.0 -96.0 -96.0  -96.0 -96.0 -96.0 -96.0
  (025) -96.0 -96.0 -96.0 -96.0  -96.0 -96.0 -96.0 -96.0
  (033) -23.0 -22.5 -22.0 -21.6  -21.3 -21.1 -20.6 -20.2
  (041) -20.0 -19.6 -19.5 -19.4  -19.4 -19.1 -18.8 -18.5
  (049) -18.5 -18.3 -18.4 -18.4  -18.3 -18.3 -18.2 -18.2
  (057) -18.2 -18.3 -18.4 -18.5  -18.6 -18.8 -18.9 -19.0
  (065) -19.1 -19.3 -19.5 -19.6  -19.8 -19.9 -20.1 -20.2
  (073) -20.5 -20.6 -20.8 -21.0  -21.1 -21.4 -21.6 -21.7
  (081) -21.9 -22.1 -22.2 -22.4  -22.6 -22.8 -22.8 -23.0
  (089) -23.3 -23.4 -23.6 -23.7  -23.9 -24.0 -24.2 -24.4
  (097) -24.5 -24.6 -24.8 -25.0  -25.1 -25.3 -25.4 -25.6
  (105) -25.6 -25.8 -26.0 -26.1  -26.3 -26.4 -26.6 -26.6
  (113) -26.8 -27.0 -27.1 -27.2  -27.3 -27.5 -27.6 -27.8
  (121) -27.9 -28.0 -28.1 -28.3  -28.4 -28.5 -28.6 -28.8

  (129) -29.0 -29.0 -29.1 -29.3  -29.5 -29.5 -29.6 -29.8
  (137) -29.8 -30.0 -30.1 -30.2  -30.3 -30.4 -30.5 -30.6
  (145) -30.7 -30.8 -31.0 -31.0  -31.2 -31.3 -31.5 -31.5
  (153) -31.6 -31.8 -31.8 -31.9  -32.0 -32.1 -32.2 -32.3
  (161) -32.5 -32.5 -32.6 -32.7  -32.8 -32.9 -33.0 -33.1
  (169) -33.3 -33.3 -33.4 -33.5  -33.6 -33.6 -33.8 -34.0
  (177) -34.0 -34.1 -34.2 -34.3  -34.4 -34.5 -34.6 -34.6
  (185) -34.7 -34.8 -35.0 -35.0  -35.1 -35.2 -35.2 -35.3
  (193) -35.5 -35.5 -35.6 -35.6  -35.8 -35.9 -35.9 -36.0
  (201) -36.1 -36.1 -36.2 -36.4  -36.5 -36.5 -36.6 -36.7
  (209) -36.8 -36.9 -36.9 -37.0  -37.1 -37.2 -37.3 -37.4
  (217) -37.5 -37.6 -37.8 -37.8  -38.0 -38.0 -38.1 -38.2
  (225) -38.3 -38.3 -38.5 -38.6  -38.6 -38.7 -38.8 -38.9
  (233) -39.0 -39.1 -39.2 -39.3  -39.4 -39.5 -39.6 -39.6
  (241) -39.8 -39.8 -40.0 -40.0  -40.1 -40.2 -40.3 -40.4
  (249) -40.5 -40.5 -40.6 -40.8  -40.8 -40.9 -41.0 -41.1

  (257) -41.3 -41.3 -41.5 -41.5  -41.6 -41.7 -41.8 -41.8
  (265) -42.0 -42.1 -42.1 -42.3  -42.3 -42.4 -42.5 -42.5
  (273) -42.6 -42.7 -42.8 -42.8  -43.0 -43.0 -43.1 -43.2
  (281) -43.3 -43.4 -43.5 -43.5  -43.6 -43.7 -43.8 -43.8
  (289) -44.0 -44.0 -44.1 -44.1  -44.2 -44.3 -44.5 -44.5
  (297) -44.6 -44.7 -44.8 -44.9  -45.0 -45.1 -45.2 -45.3
  (305) -45.5 -45.5 -45.6 -45.6  -45.8 -45.8 -45.9 -46.0
  (313) -46.0 -46.1 -46.2 -46.2  -46.3 -46.4 -46.4 -46.5
  (321) -46.6 -46.6 -46.8 -46.9  -46.9 -47.0 -47.1 -47.1
  (329) -47.1 -47.3 -47.3 -47.5  -47.5 -47.5 -47.6 -47.6
  (337) -47.8 -47.8 -48.0 -48.0  -48.1 -48.3 -48.4 -48.5
  (345) -48.6 -48.7 -48.8 -49.0  -49.0 -49.0 -49.1 -49.3
  (353) -49.4 -49.3 -49.5 -49.4  -49.5 -49.5 -49.6 -49.7
  (361) -49.6 -49.8 -49.8 -49.9  -50.0 -50.0 -50.1 -50.2
  (369) -50.2 -50.2 -50.4 -50.5  -50.5 -50.5 -50.6 -50.6
  (377) -50.6 -50.8 -50.8 -50.8  -51.0 -51.1 -51.1 -51.2

  (385) -51.3 -51.4 -51.5 -51.6  -51.7 -51.8 -52.0 -52.1
  (393) -52.2 -52.2 -52.3 -52.3  -52.4 -52.5 -52.5 -52.6
  (401) -52.5 -52.7 -52.7 -52.8  -52.7 -52.8 -52.9 -53.0
  (409) -53.0 -53.1 -53.2 -53.4  -53.5 -53.6 -53.6 -53.6
  (417) -53.7 -53.7 -53.8 -54.0  -54.0 -54.0 -54.0 -54.1
  (425) -54.3 -54.3 -54.5 -54.5  -54.6 -54.8 -55.0 -55.2
  (433) -55.3 -55.3 -55.5 -55.8  -55.8 -56.0 -56.1 -56.1
  (441) -56.3 -56.5 -56.4 -56.6  -56.5 -56.5 -56.6 -56.8
  (449) -57.0 -56.9 -57.1 -57.3  -57.3 -57.5 -57.8 -58.0
  (457) -58.1 -58.2 -58.5 -58.5  -58.5 -58.8 -58.9 -59.1
  (465) -59.3 -59.5 -59.5 -59.5  -59.7 -60.1 -60.1 -60.4
  (473) -60.7 -60.8 -61.1 -61.5  -62.1 -62.1 -62.5 -63.1
  (481) -63.5 -63.7 -63.7 -64.2  -64.3 -64.1 -64.7 -64.7
  (489) -65.4 -65.5 -66.0 -66.5  -66.8 -67.3 -67.3 -67.7
  (497) -68.3 -68.3 -69.2 -70.8  -70.4 -71.5 -71.8 -73.8
  (505) -73.8 -75.1 -76.7 -79.1  -96.0 -96.0 -96.0 -96.0

VES1724-56# 7 
7VES1724-56# 7Copyright (c) 1994 - 2014 ZyXEL Communications Corp.
VES1724-56# 7show vdsl-status subcarrier hlog 23 2
7777777777777777777777777777777777777   
  VDSL status sub-carrier Hlog(dB/Hz):
  port 23 Down Stream, group size: 1
           01    02    03    04     05    06    07    08
  ------------------------------------------------------
  (001) -96.0 -96.0 -96.0 -96.0  -96.0 -96.0 -96.0 -96.0
  (009) -96.0 -96.0 -96.0 -96.0  -96.0 -96.0 -96.0 -96.0
  (017) -96.0 -96.0 -96.0 -96.0  -96.0 -96.0 -96.0 -96.0
  (025) -96.0 -96.0 -96.0 -96.0  -96.0 -96.0 -96.0 -96.0
  (033) -23.0 -22.5 -22.0 -21.6  -21.3 -21.1 -20.6 -20.2
  (041) -20.0 -19.6 -19.5 -19.4  -19.4 -19.1 -18.8 -18.5
  (049) -18.5 -18.3 -18.4 -18.4  -18.3 -18.3 -18.2 -18.2
  (057) -18.2 -18.3 -18.4 -18.5  -18.6 -18.8 -18.9 -19.0
  (065) -19.1 -19.3 -19.5 -19.6  -19.8 -19.9 -20.1 -20.2
  (073) -20.5 -20.6 -20.8 -21.0  -21.1 -21.4 -21.6 -21.7
  (081) -21.9 -22.1 -22.2 -22.4  -22.6 -22.8 -22.8 -23.0
  (089) -23.3 -23.4 -23.6 -23.7  -23.9 -24.0 -24.2 -24.4
  (097) -24.5 -24.6 -24.8 -25.0  -25.1 -25.3 -25.4 -25.6
  (105) -25.6 -25.8 -26.0 -26.1  -26.3 -26.4 -26.6 -26.6
  (113) -26.8 -27.0 -27.1 -27.2  -27.3 -27.5 -27.6 -27.8
  (121) -27.9 -28.0 -28.1 -28.3  -28.4 -28.5 -28.6 -28.8

  (129) -29.0 -29.0 -29.1 -29.3  -29.5 -29.5 -29.6 -29.8
  (137) -29.8 -30.0 -30.1 -30.2  -30.3 -30.4 -30.5 -30.6
  (145) -30.7 -30.8 -31.0 -31.0  -31.2 -31.3 -31.5 -31.5
  (153) -31.6 -31.8 -31.8 -31.9  -32.0 -32.1 -32.2 -32.3
  (161) -32.5 -32.5 -32.6 -32.7  -32.8 -32.9 -33.0 -33.1
  (169) -33.3 -33.3 -33.4 -33.5  -33.6 -33.6 -33.8 -34.0
  (177) -34.0 -34.1 -34.2 -34.3  -34.4 -34.5 -34.6 -34.6
  (185) -34.7 -34.8 -35.0 -35.0  -35.1 -35.2 -35.2 -35.3
  (193) -35.5 -35.5 -35.6 -35.6  -35.8 -35.9 -35.9 -36.0
  (201) -36.1 -36.1 -36.2 -36.4  -36.5 -36.5 -36.6 -36.7
  (209) -36.8 -36.9 -36.9 -37.0  -37.1 -37.2 -37.3 -37.4
  (217) -37.5 -37.6 -37.8 -37.8  -38.0 -38.0 -38.1 -38.2
  (225) -38.3 -38.3 -38.5 -38.6  -38.6 -38.7 -38.8 -38.9
  (233) -39.0 -39.1 -39.2 -39.3  -39.4 -39.5 -39.6 -39.6
  (241) -39.8 -39.8 -40.0 -40.0  -40.1 -40.2 -40.3 -40.4
  (249) -40.5 -40.5 -40.6 -40.8  -40.8 -40.9 -41.0 -41.1

  (257) -41.3 -41.3 -41.5 -41.5  -41.6 -41.7 -41.8 -41.8
  (265) -42.0 -42.1 -42.1 -42.3  -42.3 -42.4 -42.5 -42.5
  (273) -42.6 -42.7 -42.8 -42.8  -43.0 -43.0 -43.1 -43.2
  (281) -43.3 -43.4 -43.5 -43.5  -43.6 -43.7 -43.8 -43.8
  (289) -44.0 -44.0 -44.1 -44.1  -44.2 -44.3 -44.5 -44.5
  (297) -44.6 -44.7 -44.8 -44.9  -45.0 -45.1 -45.2 -45.3
  (305) -45.5 -45.5 -45.6 -45.6  -45.8 -45.8 -45.9 -46.0
  (313) -46.0 -46.1 -46.2 -46.2  -46.3 -46.4 -46.4 -46.5
  (321) -46.6 -46.6 -46.8 -46.9  -46.9 -47.0 -47.1 -47.1
  (329) -47.1 -47.3 -47.3 -47.5  -47.5 -47.5 -47.6 -47.6
  (337) -47.8 -47.8 -48.0 -48.0  -48.1 -48.3 -48.4 -48.5
  (345) -48.6 -48.7 -48.8 -49.0  -49.0 -49.0 -49.1 -49.3
  (353) -49.4 -49.3 -49.5 -49.4  -49.5 -49.5 -49.6 -49.7
  (361) -49.6 -49.8 -49.8 -49.9  -50.0 -50.0 -50.1 -50.2
  (369) -50.2 -50.2 -50.4 -50.5  -50.5 -50.5 -50.6 -50.6
  (377) -50.6 -50.8 -50.8 -50.8  -51.0 -51.1 -51.1 -51.2

  (385) -51.3 -51.4 -51.5 -51.6  -51.7 -51.8 -52.0 -52.1
  (393) -52.2 -52.2 -52.3 -52.3  -52.4 -52.5 -52.5 -52.6
  (401) -52.5 -52.7 -52.7 -52.8  -52.7 -52.8 -52.9 -53.0
  (409) -53.0 -53.1 -53.2 -53.4  -53.5 -53.6 -53.6 -53.6
  (417) -53.7 -53.7 -53.8 -54.0  -54.0 -54.0 -54.0 -54.1
  (425) -54.3 -54.3 -54.5 -54.5  -54.6 -54.8 -55.0 -55.2
  (433) -55.3 -55.3 -55.5 -55.8  -55.8 -56.0 -56.1 -56.1
  (441) -56.3 -56.5 -56.4 -56.6  -56.5 -56.5 -56.6 -56.8
  (449) -57.0 -56.9 -57.1 -57.3  -57.3 -57.5 -57.8 -58.0
  (457) -58.1 -58.2 -58.5 -58.5  -58.5 -58.8 -58.9 -59.1
  (465) -59.3 -59.5 -59.5 -59.5  -59.7 -60.1 -60.1 -60.4
  (473) -60.7 -60.8 -61.1 -61.5  -62.1 -62.1 -62.5 -63.1
  (481) -63.5 -63.7 -63.7 -64.2  -64.3 -64.1 -64.7 -64.7
  (489) -65.4 -65.5 -66.0 -66.5  -66.8 -67.3 -67.3 -67.7
  (497) -68.3 -68.3 -69.2 -70.8  -70.4 -71.5 -71.8 -73.8
  (505) -73.8 -75.1 -76.7 -79.1  -96.0 -96.0 -96.0 -96.0

VES1724-56# 7 
7VES1724-56# 7Copyright (c) 1994 - 2014 ZyXEL Communications Corp.
VES1724-56# 7show vdsl-status subcarrier hlog 23 2
7777777777777777777777777777777777777   
  VDSL status sub-carrier Hlog(dB/Hz):
  port 23 Down Stream, group size: 1
           01    02    03    04     05    06    07    08
  ------------------------------------------------------
  (001) -96.0 -96.0 -96.0 -96.0  -96.0 -96.0 -96.0 -96.0
  (009) -96.0 -96.0 -96.0 -96.0  -96.0 -96.0 -96.0 -96.0
  (017) -96.0 -96.0 -96.0 -96.0  -96.0 -96.0 -96.0 -96.0
  (025) -96.0 -96.0 -96.0 -96.0  -96.0 -96.0 -96.0 -96.0
  (033) -23.0 -22.5 -22.0 -21.6  -21.3 -21.1 -20.6 -20.2
  (041) -20.0 -19.6 -19.5 -19.4  -19.4 -19.1 -18.8 -18.5
  (049) -18.5 -18.3 -18.4 -18.4  -18.3 -18.3 -18.2 -18.2
  (057) -18.2 -18.3 -18.4 -18.5  -18.6 -18.8 -18.9 -19.0
  (065) -19.1 -19.3 -19.5 -19.6  -19.8 -19.9 -20.1 -20.2
  (073) -20.5 -20.6 -20.8 -21.0  -21.1 -21.4 -21.6 -21.7
  (081) -21.9 -22.1 -22.2 -22.4  -22.6 -22.8 -22.8 -23.0
  (089) -23.3 -23.4 -23.6 -23.7  -23.9 -24.0 -24.2 -24.4
  (097) -24.5 -24.6 -24.8 -25.0  -25.1 -25.3 -25.4 -25.6
  (105) -25.6 -25.8 -26.0 -26.1  -26.3 -26.4 -26.6 -26.6
  (113) -26.8 -27.0 -27.1 -27.2  -27.3 -27.5 -27.6 -27.8
  (121) -27.9 -28.0 -28.1 -28.3  -28.4 -28.5 -28.6 -28.8

  (129) -29.0 -29.0 -29.1 -29.3  -29.5 -29.5 -29.6 -29.8
  (137) -29.8 -30.0 -30.1 -30.2  -30.3 -30.4 -30.5 -30.6
  (145) -30.7 -30.8 -31.0 -31.0  -31.2 -31.3 -31.5 -31.5
  (153) -31.6 -31.8 -31.8 -31.9  -32.0 -32.1 -32.2 -32.3
  (161) -32.5 -32.5 -32.6 -32.7  -32.8 -32.9 -33.0 -33.1
  (169) -33.3 -33.3 -33.4 -33.5  -33.6 -33.6 -33.8 -34.0
  (177) -34.0 -34.1 -34.2 -34.3  -34.4 -34.5 -34.6 -34.6
  (185) -34.7 -34.8 -35.0 -35.0  -35.1 -35.2 -35.2 -35.3
  (193) -35.5 -35.5 -35.6 -35.6  -35.8 -35.9 -35.9 -36.0
  (201) -36.1 -36.1 -36.2 -36.4  -36.5 -36.5 -36.6 -36.7
  (209) -36.8 -36.9 -36.9 -37.0  -37.1 -37.2 -37.3 -37.4
  (217) -37.5 -37.6 -37.8 -37.8  -38.0 -38.0 -38.1 -38.2
  (225) -38.3 -38.3 -38.5 -38.6  -38.6 -38.7 -38.8 -38.9
  (233) -39.0 -39.1 -39.2 -39.3  -39.4 -39.5 -39.6 -39.6
  (241) -39.8 -39.8 -40.0 -40.0  -40.1 -40.2 -40.3 -40.4
  (249) -40.5 -40.5 -40.6 -40.8  -40.8 -40.9 -41.0 -41.1

  (257) -41.3 -41.3 -41.5 -41.5  -41.6 -41.7 -41.8 -41.8
  (265) -42.0 -42.1 -42.1 -42.3  -42.3 -42.4 -42.5 -42.5
  (273) -42.6 -42.7 -42.8 -42.8  -43.0 -43.0 -43.1 -43.2
  (281) -43.3 -43.4 -43.5 -43.5  -43.6 -43.7 -43.8 -43.8
  (289) -44.0 -44.0 -44.1 -44.1  -44.2 -44.3 -44.5 -44.5
  (297) -44.6 -44.7 -44.8 -44.9  -45.0 -45.1 -45.2 -45.3
  (305) -45.5 -45.5 -45.6 -45.6  -45.8 -45.8 -45.9 -46.0
  (313) -46.0 -46.1 -46.2 -46.2  -46.3 -46.4 -46.4 -46.5
  (321) -46.6 -46.6 -46.8 -46.9  -46.9 -47.0 -47.1 -47.1
  (329) -47.1 -47.3 -47.3 -47.5  -47.5 -47.5 -47.6 -47.6
  (337) -47.8 -47.8 -48.0 -48.0  -48.1 -48.3 -48.4 -48.5
  (345) -48.6 -48.7 -48.8 -49.0  -49.0 -49.0 -49.1 -49.3
  (353) -49.4 -49.3 -49.5 -49.4  -49.5 -49.5 -49.6 -49.7
  (361) -49.6 -49.8 -49.8 -49.9  -50.0 -50.0 -50.1 -50.2
  (369) -50.2 -50.2 -50.4 -50.5  -50.5 -50.5 -50.6 -50.6
  (377) -50.6 -50.8 -50.8 -50.8  -51.0 -51.1 -51.1 -51.2

  (385) -51.3 -51.4 -51.5 -51.6  -51.7 -51.8 -52.0 -52.1
  (393) -52.2 -52.2 -52.3 -52.3  -52.4 -52.5 -52.5 -52.6
  (401) -52.5 -52.7 -52.7 -52.8  -52.7 -52.8 -52.9 -53.0
  (409) -53.0 -53.1 -53.2 -53.4  -53.5 -53.6 -53.6 -53.6
  (417) -53.7 -53.7 -53.8 -54.0  -54.0 -54.0 -54.0 -54.1
  (425) -54.3 -54.3 -54.5 -54.5  -54.6 -54.8 -55.0 -55.2
  (433) -55.3 -55.3 -55.5 -55.8  -55.8 -56.0 -56.1 -56.1
  (441) -56.3 -56.5 -56.4 -56.6  -56.5 -56.5 -56.6 -56.8
  (449) -57.0 -56.9 -57.1 -57.3  -57.3 -57.5 -57.8 -58.0
  (457) -58.1 -58.2 -58.5 -58.5  -58.5 -58.8 -58.9 -59.1
  (465) -59.3 -59.5 -59.5 -59.5  -59.7 -60.1 -60.1 -60.4
  (473) -60.7 -60.8 -61.1 -61.5  -62.1 -62.1 -62.5 -63.1
  (481) -63.5 -63.7 -63.7 -64.2  -64.3 -64.1 -64.7 -64.7
  (489) -65.4 -65.5 -66.0 -66.5  -66.8 -67.3 -67.3 -67.7
  (497) -68.3 -68.3 -69.2 -70.8  -70.4 -71.5 -71.8 -73.8
  (505) -73.8 -75.1 -76.7 -79.1  -96.0 -96.0 -96.0 -96.0

VES1724-56# 7 
7VES1724-56# 7