Copyright (c) 1994 - 2014 ZyXEL Communications Corp.
VES1724-56# 7show vdsl-status subcarrier hlog 23 1
7777777777777777777777777777777777777   
  VDSL status sub-carrier Hlog(dB/Hz):
  port 23 Up Stream, group size: 1
           01    02    03    04     05    06    07    08
  ------------------------------------------------------
  (001) -96.0 -96.0 -96.0 -96.0  -96.0 -96.0 -96.0 -20.3
  (009) -15.6 -13.3 -12.9 -13.1  -13.3 -13.4 -13.6 -13.8
  (017) -14.2 -14.6 -15.0 -15.3  -15.5 -15.8 -16.2 -16.7
  (025) -17.5 -18.4 -19.3 -20.1  -20.9 -21.9 -23.2 -25.0
  (033) -96.0 -96.0 -96.0 -96.0  -96.0 -96.0 -96.0 -96.0
  (041) -96.0 -96.0 -96.0 -96.0  -96.0 -96.0 -96.0 -96.0
  (049) -96.0 -96.0 -96.0 -96.0  -96.0 -96.0 -96.0 -96.0
  (057) -96.0 -96.0 -96.0 -96.0  -96.0 -96.0 -96.0 -96.0
  (065)   6.0   6.0   6.0   6.0    6.0   6.0   6.0   6.0
  (073)   6.0   6.0   6.0   6.0    6.0   6.0   6.0   6.0
  (081)   6.0   6.0   6.0   6.0    6.0   6.0   6.0   6.0
  (089)   6.0   6.0   6.0   6.0    6.0   6.0   6.0   6.0
  (097)   6.0   6.0   6.0   6.0    6.0   6.0   6.0   6.0
  (105)   6.0   6.0   6.0   6.0    6.0   6.0   6.0   6.0
  (113)   6.0   6.0   6.0   6.0    6.0   6.0   6.0   6.0
  (121)   6.0   6.0   6.0   6.0    6.0   6.0   6.0   6.0

  (129)   6.0   6.0   6.0   6.0    6.0   6.0   6.0   6.0
  (137)   6.0   6.0   6.0   6.0    6.0   6.0   6.0   6.0
  (145)   6.0   6.0   6.0   6.0    6.0   6.0   6.0   6.0
  (153)   6.0   6.0   6.0   6.0    6.0   6.0   6.0   6.0
  (161)   6.0   6.0   6.0   6.0    6.0   6.0   6.0   6.0
  (169)   6.0   6.0   6.0   6.0    6.0   6.0   6.0   6.0
  (177)   6.0   6.0   6.0   6.0    6.0   6.0   6.0   6.0
  (185)   6.0   6.0   6.0   6.0    6.0   6.0   6.0   6.0
  (193)   6.0   6.0   6.0   6.0    6.0   6.0   6.0   6.0
  (201)   6.0   6.0   6.0   6.0    6.0   6.0   6.0   6.0
  (209)   6.0   6.0   6.0   6.0    6.0   6.0   6.0   6.0
  (217)   6.0   6.0   6.0   6.0    6.0   6.0   6.0   6.0
  (225)   6.0   6.0   6.0   6.0    6.0   6.0   6.0   6.0
  (233)   6.0   6.0   6.0   6.0    6.0   6.0   6.0   6.0
  (241)   6.0   6.0   6.0   6.0    6.0   6.0   6.0   6.0
  (249)   6.0   6.0   6.0   6.0    6.0   6.0   6.0   6.0

  (257)   6.0   6.0   6.0   6.0    6.0   6.0   6.0   6.0
  (265)   6.0   6.0   6.0   6.0    6.0   6.0   6.0   6.0
  (273)   6.0   6.0   6.0   6.0    6.0   6.0   6.0   6.0
  (281)   6.0   6.0   6.0   6.0    6.0   6.0   6.0   6.0
  (289)   6.0   6.0   6.0   6.0    6.0   6.0   6.0   6.0
  (297)   6.0   6.0   6.0   6.0    6.0   6.0   6.0   6.0
  (305)   6.0   6.0   6.0   6.0    6.0   6.0   6.0   6.0
  (313)   6.0   6.0   6.0   6.0    6.0   6.0   6.0   6.0
  (321)   6.0   6.0   6.0   6.0    6.0   6.0   6.0   6.0
  (329)   6.0   6.0   6.0   6.0    6.0   6.0   6.0   6.0
  (337)   6.0   6.0   6.0   6.0    6.0   6.0   6.0   6.0
  (345)   6.0   6.0   6.0   6.0    6.0   6.0   6.0   6.0
  (353)   6.0   6.0   6.0   6.0    6.0   6.0   6.0   6.0
  (361)   6.0   6.0   6.0   6.0    6.0   6.0   6.0   6.0
  (369)   6.0   6.0   6.0   6.0    6.0   6.0   6.0   6.0
  (377)   6.0   6.0   6.0   6.0    6.0   6.0   6.0   6.0

  (385)   6.0   6.0   6.0   6.0    6.0   6.0   6.0   6.0
  (393)   6.0   6.0   6.0   6.0    6.0   6.0   6.0   6.0
  (401)   6.0   6.0   6.0   6.0    6.0   6.0   6.0   6.0
  (409)   6.0   6.0   6.0   6.0    6.0   6.0   6.0   6.0
  (417)   6.0   6.0   6.0   6.0    6.0   6.0   6.0   6.0
  (425)   6.0   6.0   6.0   6.0    6.0   6.0   6.0   6.0
  (433)   6.0   6.0   6.0   6.0    6.0   6.0   6.0   6.0
  (441)   6.0   6.0   6.0   6.0    6.0   6.0   6.0   6.0
  (449)   6.0   6.0   6.0   6.0    6.0   6.0   6.0   6.0
  (457)   6.0   6.0   6.0   6.0    6.0   6.0   6.0   6.0
  (465)   6.0   6.0   6.0   6.0    6.0   6.0   6.0   6.0
  (473)   6.0   6.0   6.0   6.0    6.0   6.0   6.0   6.0
  (481)   6.0   6.0   6.0   6.0    6.0   6.0   6.0   6.0
  (489)   6.0   6.0   6.0   6.0    6.0   6.0   6.0   6.0
  (497)   6.0   6.0   6.0   6.0    6.0   6.0   6.0   6.0
  (505)   6.0   6.0   6.0   6.0    6.0   6.0   6.0   6.0

VES1724-56# 7 
7VES1724-56# 7Copyright (c) 1994 - 2014 ZyXEL Communications Corp.
VES1724-56# 7show vdsl-status subcarrier hlog 23 1
7777777777777777777777777777777777777   
  VDSL status sub-carrier Hlog(dB/Hz):
  port 23 Up Stream, group size: 1
           01    02    03    04     05    06    07    08
  ------------------------------------------------------
  (001) -96.0 -96.0 -96.0 -96.0  -96.0 -96.0 -96.0 -20.3
  (009) -15.6 -13.3 -12.9 -13.1  -13.3 -13.4 -13.6 -13.8
  (017) -14.2 -14.6 -15.0 -15.3  -15.5 -15.8 -16.2 -16.7
  (025) -17.5 -18.4 -19.3 -20.1  -20.9 -21.9 -23.2 -25.0
  (033) -96.0 -96.0 -96.0 -96.0  -96.0 -96.0 -96.0 -96.0
  (041) -96.0 -96.0 -96.0 -96.0  -96.0 -96.0 -96.0 -96.0
  (049) -96.0 -96.0 -96.0 -96.0  -96.0 -96.0 -96.0 -96.0
  (057) -96.0 -96.0 -96.0 -96.0  -96.0 -96.0 -96.0 -96.0
  (065)   6.0   6.0   6.0   6.0    6.0   6.0   6.0   6.0
  (073)   6.0   6.0   6.0   6.0    6.0   6.0   6.0   6.0
  (081)   6.0   6.0   6.0   6.0    6.0   6.0   6.0   6.0
  (089)   6.0   6.0   6.0   6.0    6.0   6.0   6.0   6.0
  (097)   6.0   6.0   6.0   6.0    6.0   6.0   6.0   6.0
  (105)   6.0   6.0   6.0   6.0    6.0   6.0   6.0   6.0
  (113)   6.0   6.0   6.0   6.0    6.0   6.0   6.0   6.0
  (121)   6.0   6.0   6.0   6.0    6.0   6.0   6.0   6.0

  (129)   6.0   6.0   6.0   6.0    6.0   6.0   6.0   6.0
  (137)   6.0   6.0   6.0   6.0    6.0   6.0   6.0   6.0
  (145)   6.0   6.0   6.0   6.0    6.0   6.0   6.0   6.0
  (153)   6.0   6.0   6.0   6.0    6.0   6.0   6.0   6.0
  (161)   6.0   6.0   6.0   6.0    6.0   6.0   6.0   6.0
  (169)   6.0   6.0   6.0   6.0    6.0   6.0   6.0   6.0
  (177)   6.0   6.0   6.0   6.0    6.0   6.0   6.0   6.0
  (185)   6.0   6.0   6.0   6.0    6.0   6.0   6.0   6.0
  (193)   6.0   6.0   6.0   6.0    6.0   6.0   6.0   6.0
  (201)   6.0   6.0   6.0   6.0    6.0   6.0   6.0   6.0
  (209)   6.0   6.0   6.0   6.0    6.0   6.0   6.0   6.0
  (217)   6.0   6.0   6.0   6.0    6.0   6.0   6.0   6.0
  (225)   6.0   6.0   6.0   6.0    6.0   6.0   6.0   6.0
  (233)   6.0   6.0   6.0   6.0    6.0   6.0   6.0   6.0
  (241)   6.0   6.0   6.0   6.0    6.0   6.0   6.0   6.0
  (249)   6.0   6.0   6.0   6.0    6.0   6.0   6.0   6.0

  (257)   6.0   6.0   6.0   6.0    6.0   6.0   6.0   6.0
  (265)   6.0   6.0   6.0   6.0    6.0   6.0   6.0   6.0
  (273)   6.0   6.0   6.0   6.0    6.0   6.0   6.0   6.0
  (281)   6.0   6.0   6.0   6.0    6.0   6.0   6.0   6.0
  (289)   6.0   6.0   6.0   6.0    6.0   6.0   6.0   6.0
  (297)   6.0   6.0   6.0   6.0    6.0   6.0   6.0   6.0
  (305)   6.0   6.0   6.0   6.0    6.0   6.0   6.0   6.0
  (313)   6.0   6.0   6.0   6.0    6.0   6.0   6.0   6.0
  (321)   6.0   6.0   6.0   6.0    6.0   6.0   6.0   6.0
  (329)   6.0   6.0   6.0   6.0    6.0   6.0   6.0   6.0
  (337)   6.0   6.0   6.0   6.0    6.0   6.0   6.0   6.0
  (345)   6.0   6.0   6.0   6.0    6.0   6.0   6.0   6.0
  (353)   6.0   6.0   6.0   6.0    6.0   6.0   6.0   6.0
  (361)   6.0   6.0   6.0   6.0    6.0   6.0   6.0   6.0
  (369)   6.0   6.0   6.0   6.0    6.0   6.0   6.0   6.0
  (377)   6.0   6.0   6.0   6.0    6.0   6.0   6.0   6.0

  (385)   6.0   6.0   6.0   6.0    6.0   6.0   6.0   6.0
  (393)   6.0   6.0   6.0   6.0    6.0   6.0   6.0   6.0
  (401)   6.0   6.0   6.0   6.0    6.0   6.0   6.0   6.0
  (409)   6.0   6.0   6.0   6.0    6.0   6.0   6.0   6.0
  (417)   6.0   6.0   6.0   6.0    6.0   6.0   6.0   6.0
  (425)   6.0   6.0   6.0   6.0    6.0   6.0   6.0   6.0
  (433)   6.0   6.0   6.0   6.0    6.0   6.0   6.0   6.0
  (441)   6.0   6.0   6.0   6.0    6.0   6.0   6.0   6.0
  (449)   6.0   6.0   6.0   6.0    6.0   6.0   6.0   6.0
  (457)   6.0   6.0   6.0   6.0    6.0   6.0   6.0   6.0
  (465)   6.0   6.0   6.0   6.0    6.0   6.0   6.0   6.0
  (473)   6.0   6.0   6.0   6.0    6.0   6.0   6.0   6.0
  (481)   6.0   6.0   6.0   6.0    6.0   6.0   6.0   6.0
  (489)   6.0   6.0   6.0   6.0    6.0   6.0   6.0   6.0
  (497)   6.0   6.0   6.0   6.0    6.0   6.0   6.0   6.0
  (505)   6.0   6.0   6.0   6.0    6.0   6.0   6.0   6.0

VES1724-56# 7 
7VES1724-56# 7Copyright (c) 1994 - 2014 ZyXEL Communications Corp.
VES1724-56# 7show vdsl-status subcarrier hlog 23 1
7777777777777777777777777777777777777   
  VDSL status sub-carrier Hlog(dB/Hz):
  port 23 Up Stream, group size: 1
           01    02    03    04     05    06    07    08
  ------------------------------------------------------
  (001) -96.0 -96.0 -96.0 -96.0  -96.0 -96.0 -96.0 -20.3
  (009) -15.6 -13.3 -12.9 -13.1  -13.3 -13.4 -13.6 -13.8
  (017) -14.2 -14.6 -15.0 -15.3  -15.5 -15.8 -16.2 -16.7
  (025) -17.5 -18.4 -19.3 -20.1  -20.9 -21.9 -23.2 -25.0
  (033) -96.0 -96.0 -96.0 -96.0  -96.0 -96.0 -96.0 -96.0
  (041) -96.0 -96.0 -96.0 -96.0  -96.0 -96.0 -96.0 -96.0
  (049) -96.0 -96.0 -96.0 -96.0  -96.0 -96.0 -96.0 -96.0
  (057) -96.0 -96.0 -96.0 -96.0  -96.0 -96.0 -96.0 -96.0
  (065)   6.0   6.0   6.0   6.0    6.0   6.0   6.0   6.0
  (073)   6.0   6.0   6.0   6.0    6.0   6.0   6.0   6.0
  (081)   6.0   6.0   6.0   6.0    6.0   6.0   6.0   6.0
  (089)   6.0   6.0   6.0   6.0    6.0   6.0   6.0   6.0
  (097)   6.0   6.0   6.0   6.0    6.0   6.0   6.0   6.0
  (105)   6.0   6.0   6.0   6.0    6.0   6.0   6.0   6.0
  (113)   6.0   6.0   6.0   6.0    6.0   6.0   6.0   6.0
  (121)   6.0   6.0   6.0   6.0    6.0   6.0   6.0   6.0

  (129)   6.0   6.0   6.0   6.0    6.0   6.0   6.0   6.0
  (137)   6.0   6.0   6.0   6.0    6.0   6.0   6.0   6.0
  (145)   6.0   6.0   6.0   6.0    6.0   6.0   6.0   6.0
  (153)   6.0   6.0   6.0   6.0    6.0   6.0   6.0   6.0
  (161)   6.0   6.0   6.0   6.0    6.0   6.0   6.0   6.0
  (169)   6.0   6.0   6.0   6.0    6.0   6.0   6.0   6.0
  (177)   6.0   6.0   6.0   6.0    6.0   6.0   6.0   6.0
  (185)   6.0   6.0   6.0   6.0    6.0   6.0   6.0   6.0
  (193)   6.0   6.0   6.0   6.0    6.0   6.0   6.0   6.0
  (201)   6.0   6.0   6.0   6.0    6.0   6.0   6.0   6.0
  (209)   6.0   6.0   6.0   6.0    6.0   6.0   6.0   6.0
  (217)   6.0   6.0   6.0   6.0    6.0   6.0   6.0   6.0
  (225)   6.0   6.0   6.0   6.0    6.0   6.0   6.0   6.0
  (233)   6.0   6.0   6.0   6.0    6.0   6.0   6.0   6.0
  (241)   6.0   6.0   6.0   6.0    6.0   6.0   6.0   6.0
  (249)   6.0   6.0   6.0   6.0    6.0   6.0   6.0   6.0

  (257)   6.0   6.0   6.0   6.0    6.0   6.0   6.0   6.0
  (265)   6.0   6.0   6.0   6.0    6.0   6.0   6.0   6.0
  (273)   6.0   6.0   6.0   6.0    6.0   6.0   6.0   6.0
  (281)   6.0   6.0   6.0   6.0    6.0   6.0   6.0   6.0
  (289)   6.0   6.0   6.0   6.0    6.0   6.0   6.0   6.0
  (297)   6.0   6.0   6.0   6.0    6.0   6.0   6.0   6.0
  (305)   6.0   6.0   6.0   6.0    6.0   6.0   6.0   6.0
  (313)   6.0   6.0   6.0   6.0    6.0   6.0   6.0   6.0
  (321)   6.0   6.0   6.0   6.0    6.0   6.0   6.0   6.0
  (329)   6.0   6.0   6.0   6.0    6.0   6.0   6.0   6.0
  (337)   6.0   6.0   6.0   6.0    6.0   6.0   6.0   6.0
  (345)   6.0   6.0   6.0   6.0    6.0   6.0   6.0   6.0
  (353)   6.0   6.0   6.0   6.0    6.0   6.0   6.0   6.0
  (361)   6.0   6.0   6.0   6.0    6.0   6.0   6.0   6.0
  (369)   6.0   6.0   6.0   6.0    6.0   6.0   6.0   6.0
  (377)   6.0   6.0   6.0   6.0    6.0   6.0   6.0   6.0

  (385)   6.0   6.0   6.0   6.0    6.0   6.0   6.0   6.0
  (393)   6.0   6.0   6.0   6.0    6.0   6.0   6.0   6.0
  (401)   6.0   6.0   6.0   6.0    6.0   6.0   6.0   6.0
  (409)   6.0   6.0   6.0   6.0    6.0   6.0   6.0   6.0
  (417)   6.0   6.0   6.0   6.0    6.0   6.0   6.0   6.0
  (425)   6.0   6.0   6.0   6.0    6.0   6.0   6.0   6.0
  (433)   6.0   6.0   6.0   6.0    6.0   6.0   6.0   6.0
  (441)   6.0   6.0   6.0   6.0    6.0   6.0   6.0   6.0
  (449)   6.0   6.0   6.0   6.0    6.0   6.0   6.0   6.0
  (457)   6.0   6.0   6.0   6.0    6.0   6.0   6.0   6.0
  (465)   6.0   6.0   6.0   6.0    6.0   6.0   6.0   6.0
  (473)   6.0   6.0   6.0   6.0    6.0   6.0   6.0   6.0
  (481)   6.0   6.0   6.0   6.0    6.0   6.0   6.0   6.0
  (489)   6.0   6.0   6.0   6.0    6.0   6.0   6.0   6.0
  (497)   6.0   6.0   6.0   6.0    6.0   6.0   6.0   6.0
  (505)   6.0   6.0   6.0   6.0    6.0   6.0   6.0   6.0

VES1724-56# 7 
7VES1724-56# 7Copyright (c) 1994 - 2014 ZyXEL Communications Corp.
VES1724-56# 7show vdsl-status subcarrier hlog 23 1
7777777777777777777777777777777777777   
  VDSL status sub-carrier Hlog(dB/Hz):
  port 23 Up Stream, group size: 1
           01    02    03    04     05    06    07    08
  ------------------------------------------------------
  (001) -96.0 -96.0 -96.0 -96.0  -96.0 -96.0 -96.0 -20.3
  (009) -15.6 -13.3 -12.9 -13.1  -13.3 -13.4 -13.6 -13.8
  (017) -14.2 -14.6 -15.0 -15.3  -15.5 -15.8 -16.2 -16.7
  (025) -17.5 -18.4 -19.3 -20.1  -20.9 -21.9 -23.2 -25.0
  (033) -96.0 -96.0 -96.0 -96.0  -96.0 -96.0 -96.0 -96.0
  (041) -96.0 -96.0 -96.0 -96.0  -96.0 -96.0 -96.0 -96.0
  (049) -96.0 -96.0 -96.0 -96.0  -96.0 -96.0 -96.0 -96.0
  (057) -96.0 -96.0 -96.0 -96.0  -96.0 -96.0 -96.0 -96.0
  (065)   6.0   6.0   6.0   6.0    6.0   6.0   6.0   6.0
  (073)   6.0   6.0   6.0   6.0    6.0   6.0   6.0   6.0
  (081)   6.0   6.0   6.0   6.0    6.0   6.0   6.0   6.0
  (089)   6.0   6.0   6.0   6.0    6.0   6.0   6.0   6.0
  (097)   6.0   6.0   6.0   6.0    6.0   6.0   6.0   6.0
  (105)   6.0   6.0   6.0   6.0    6.0   6.0   6.0   6.0
  (113)   6.0   6.0   6.0   6.0    6.0   6.0   6.0   6.0
  (121)   6.0   6.0   6.0   6.0    6.0   6.0   6.0   6.0

  (129)   6.0   6.0   6.0   6.0    6.0   6.0   6.0   6.0
  (137)   6.0   6.0   6.0   6.0    6.0   6.0   6.0   6.0
  (145)   6.0   6.0   6.0   6.0    6.0   6.0   6.0   6.0
  (153)   6.0   6.0   6.0   6.0    6.0   6.0   6.0   6.0
  (161)   6.0   6.0   6.0   6.0    6.0   6.0   6.0   6.0
  (169)   6.0   6.0   6.0   6.0    6.0   6.0   6.0   6.0
  (177)   6.0   6.0   6.0   6.0    6.0   6.0   6.0   6.0
  (185)   6.0   6.0   6.0   6.0    6.0   6.0   6.0   6.0
  (193)   6.0   6.0   6.0   6.0    6.0   6.0   6.0   6.0
  (201)   6.0   6.0   6.0   6.0    6.0   6.0   6.0   6.0
  (209)   6.0   6.0   6.0   6.0    6.0   6.0   6.0   6.0
  (217)   6.0   6.0   6.0   6.0    6.0   6.0   6.0   6.0
  (225)   6.0   6.0   6.0   6.0    6.0   6.0   6.0   6.0
  (233)   6.0   6.0   6.0   6.0    6.0   6.0   6.0   6.0
  (241)   6.0   6.0   6.0   6.0    6.0   6.0   6.0   6.0
  (249)   6.0   6.0   6.0   6.0    6.0   6.0   6.0   6.0

  (257)   6.0   6.0   6.0   6.0    6.0   6.0   6.0   6.0
  (265)   6.0   6.0   6.0   6.0    6.0   6.0   6.0   6.0
  (273)   6.0   6.0   6.0   6.0    6.0   6.0   6.0   6.0
  (281)   6.0   6.0   6.0   6.0    6.0   6.0   6.0   6.0
  (289)   6.0   6.0   6.0   6.0    6.0   6.0   6.0   6.0
  (297)   6.0   6.0   6.0   6.0    6.0   6.0   6.0   6.0
  (305)   6.0   6.0   6.0   6.0    6.0   6.0   6.0   6.0
  (313)   6.0   6.0   6.0   6.0    6.0   6.0   6.0   6.0
  (321)   6.0   6.0   6.0   6.0    6.0   6.0   6.0   6.0
  (329)   6.0   6.0   6.0   6.0    6.0   6.0   6.0   6.0
  (337)   6.0   6.0   6.0   6.0    6.0   6.0   6.0   6.0
  (345)   6.0   6.0   6.0   6.0    6.0   6.0   6.0   6.0
  (353)   6.0   6.0   6.0   6.0    6.0   6.0   6.0   6.0
  (361)   6.0   6.0   6.0   6.0    6.0   6.0   6.0   6.0
  (369)   6.0   6.0   6.0   6.0    6.0   6.0   6.0   6.0
  (377)   6.0   6.0   6.0   6.0    6.0   6.0   6.0   6.0

  (385)   6.0   6.0   6.0   6.0    6.0   6.0   6.0   6.0
  (393)   6.0   6.0   6.0   6.0    6.0   6.0   6.0   6.0
  (401)   6.0   6.0   6.0   6.0    6.0   6.0   6.0   6.0
  (409)   6.0   6.0   6.0   6.0    6.0   6.0   6.0   6.0
  (417)   6.0   6.0   6.0   6.0    6.0   6.0   6.0   6.0
  (425)   6.0   6.0   6.0   6.0    6.0   6.0   6.0   6.0
  (433)   6.0   6.0   6.0   6.0    6.0   6.0   6.0   6.0
  (441)   6.0   6.0   6.0   6.0    6.0   6.0   6.0   6.0
  (449)   6.0   6.0   6.0   6.0    6.0   6.0   6.0   6.0
  (457)   6.0   6.0   6.0   6.0    6.0   6.0   6.0   6.0
  (465)   6.0   6.0   6.0   6.0    6.0   6.0   6.0   6.0
  (473)   6.0   6.0   6.0   6.0    6.0   6.0   6.0   6.0
  (481)   6.0   6.0   6.0   6.0    6.0   6.0   6.0   6.0
  (489)   6.0   6.0   6.0   6.0    6.0   6.0   6.0   6.0
  (497)   6.0   6.0   6.0   6.0    6.0   6.0   6.0   6.0
  (505)   6.0   6.0   6.0   6.0    6.0   6.0   6.0   6.0

VES1724-56# 7 
7VES1724-56# 7