Copyright (c) 1994 - 2014 ZyXEL Communications Corp.
VES1724-56# 7show vdsl-status subcarrier qln 23 2
777777777777777777777777777777777777   
  VDSL status sub-carrier QLN(dBm/Hz):
  port 23 Down Stream, group size: 1
            01     02     03     04      05     06     07     08
  --------------------------------------------------------------
  (001) -150.5 -150.5 -150.5 -150.5  -150.5 -150.5 -150.5 -150.5
  (009) -150.5 -150.5 -150.5 -150.5  -150.5 -150.5 -150.5 -150.5
  (017) -150.5 -150.5 -150.5 -150.5  -150.5 -150.5 -150.5 -150.5
  (025) -150.5 -150.5 -150.5 -150.5  -150.5 -150.5 -150.5 -150.5
  (033) -150.5 -134.5 -135.0 -135.0  -135.5 -136.0 -136.5 -136.5
  (041) -137.0 -137.5 -136.5 -137.5  -137.0 -137.5 -137.0 -137.0
  (049) -137.0 -137.5 -137.5 -138.0  -137.0 -137.5 -137.5 -138.0
  (057) -137.5 -139.0 -138.5 -138.5  -139.5 -139.0 -139.5 -139.5
  (065) -138.5 -139.5 -139.0 -140.0  -139.5 -139.5 -139.5 -140.5
  (073) -139.5 -140.0 -140.5 -140.0  -141.5 -141.5 -140.5 -139.0
  (081) -140.0 -141.0 -141.5 -141.0  -142.5 -141.5 -141.0 -141.5
  (089) -141.0 -140.5 -141.0 -141.0  -142.5 -143.0 -142.0 -142.5
  (097) -141.5 -141.5 -142.0 -142.0  -143.5 -144.0 -144.0 -143.5
  (105) -143.5 -143.5 -144.0 -144.0  -144.0 -144.5 -144.0 -144.5
  (113) -144.5 -138.0 -142.5 -145.0  -145.0 -145.0 -145.0 -145.0
  (121) -145.5 -145.5 -144.5 -143.5  -143.0 -142.5 -143.0 -142.5

  (129) -142.5 -141.0 -141.5 -139.0  -138.5 -138.5 -138.0 -137.5
  (137) -138.0 -138.0 -139.0 -139.5  -140.0 -140.0 -141.0 -141.5
  (145) -142.0 -142.0 -142.5 -144.0  -145.0 -145.5 -145.0 -146.0
  (153) -146.5 -145.5 -146.5 -146.0  -146.5 -146.0 -147.0 -146.5
  (161) -146.5 -142.5 -147.0 -147.0  -147.0 -147.5 -147.5 -146.5
  (169) -146.5 -146.5 -146.0 -146.0  -146.0 -146.0 -147.0 -147.0
  (177) -147.0 -146.5 -146.0 -146.0  -146.0 -146.0 -146.5 -147.5
  (185) -147.0 -147.5 -147.0 -147.0  -147.0 -146.5 -146.5 -146.5
  (193) -147.0 -147.0 -147.0 -145.5  -145.5 -145.5 -145.0 -145.0
  (201) -145.5 -145.0 -145.0 -145.5  -145.0 -143.5 -143.5 -144.5
  (209) -144.0 -144.0 -144.0 -144.0  -143.0 -143.5 -142.5 -142.0
  (217) -142.5 -142.0 -142.5 -142.5  -143.0 -143.0 -143.0 -142.5
  (225) -143.0 -142.5 -142.5 -142.0  -143.0 -143.0 -143.5 -143.0
  (233) -143.0 -143.0 -143.0 -143.5  -144.0 -143.5 -143.0 -143.0
  (241) -143.5 -143.5 -143.0 -143.5  -143.5 -143.5 -143.5 -144.0
  (249) -143.5 -143.5 -143.5 -143.5  -144.0 -143.0 -144.0 -144.0

  (257) -144.0 -144.0 -144.5 -144.5  -145.0 -145.0 -144.5 -144.5
  (265) -145.0 -144.0 -144.5 -144.5  -144.5 -145.5 -144.5 -144.5
  (273) -145.0 -145.0 -145.5 -145.0  -145.0 -146.0 -145.5 -145.5
  (281) -146.0 -145.5 -145.5 -146.0  -146.0 -146.5 -146.5 -147.0
  (289) -146.5 -146.5 -147.0 -147.0  -145.5 -143.0 -139.0 -146.0
  (297) -147.5 -147.5 -148.5 -148.0  -148.5 -148.5 -149.0 -148.5
  (305) -149.0 -149.5 -148.5 -149.0  -148.5 -149.0 -148.5 -149.5
  (313) -148.5 -149.0 -148.5 -149.5  -149.0 -149.5 -148.5 -150.0
  (321) -150.0 -149.5 -149.5 -148.5  -149.0 -148.5 -149.5 -149.0
  (329) -149.5 -149.0 -148.5 -149.0  -148.0 -149.0 -148.0 -148.5
  (337) -148.0 -148.0 -148.0 -148.0  -145.5 -147.5 -148.0 -147.0
  (345) -147.0 -146.5 -147.0 -148.0  -147.5 -146.5 -147.0 -146.0
  (353) -146.5 -146.5 -146.5 -147.5  -147.5 -146.5 -146.5 -146.0
  (361) -146.5 -145.0 -145.5 -145.5  -146.5 -146.5 -145.5 -145.5
  (369) -146.0 -145.0 -144.5 -144.0  -145.5 -145.5 -145.5 -145.5
  (377) -145.0 -145.5 -145.0 -144.5  -144.0 -145.0 -146.0 -145.5

  (385) -145.5 -145.0 -145.0 -145.0  -144.5 -144.0 -144.5 -145.5
  (393) -145.0 -145.0 -144.5 -144.5  -144.0 -144.0 -144.0 -144.5
  (401) -145.0 -145.0 -144.5 -145.0  -144.0 -144.0 -144.5 -144.5
  (409) -145.0 -145.5 -145.0 -145.0  -145.0 -144.5 -145.0 -145.5
  (417) -145.0 -145.5 -146.0 -146.0  -146.0 -146.0 -145.5 -146.0
  (425) -146.5 -145.5 -146.0 -146.0  -146.5 -147.0 -146.5 -146.0
  (433) -147.0 -146.5 -146.0 -147.0  -147.5 -146.5 -147.0 -146.5
  (441) -147.0 -146.5 -147.5 -147.0  -147.0 -147.0 -147.0 -147.5
  (449) -148.5 -148.5 -147.5 -148.0  -148.0 -147.0 -149.0 -149.0
  (457) -149.0 -148.0 -148.0 -149.5  -148.5 -148.5 -149.5 -149.5
  (465) -148.5 -149.5 -149.0 -150.0  -149.0 -149.5 -149.5 -150.0
  (473) -149.0 -149.0 -146.0 -130.0  -147.0 -148.5 -149.5 -149.5
  (481) -149.5 -149.0 -149.5 -149.5  -149.0 -149.5 -148.5 -149.5
  (489) -149.5 -149.5 -148.5 -149.5  -149.0 -149.0 -148.5 -148.5
  (497) -148.5 -148.5 -148.5 -149.0  -148.5 -148.5 -148.5 -148.0
  (505) -148.5 -148.5 -149.5 -148.5  -148.5 -148.5 -148.5 -148.0

VES1724-56# 7 
7VES1724-56# 7 
7VES1724-56# 7 
7VES1724-56# 7 
7VES1724-56# 7 
7VES1724-56# 7Copyright (c) 1994 - 2014 ZyXEL Communications Corp.
VES1724-56# 7show vdsl-status subcarrier qln 23 2
777777777777777777777777777777777777   
  VDSL status sub-carrier QLN(dBm/Hz):
  port 23 Down Stream, group size: 1
            01     02     03     04      05     06     07     08
  --------------------------------------------------------------
  (001) -150.5 -150.5 -150.5 -150.5  -150.5 -150.5 -150.5 -150.5
  (009) -150.5 -150.5 -150.5 -150.5  -150.5 -150.5 -150.5 -150.5
  (017) -150.5 -150.5 -150.5 -150.5  -150.5 -150.5 -150.5 -150.5
  (025) -150.5 -150.5 -150.5 -150.5  -150.5 -150.5 -150.5 -150.5
  (033) -150.5 -134.5 -135.0 -135.0  -135.5 -136.0 -136.5 -136.5
  (041) -137.0 -137.5 -136.5 -137.5  -137.0 -137.5 -137.0 -137.0
  (049) -137.0 -137.5 -137.5 -138.0  -137.0 -137.5 -137.5 -138.0
  (057) -137.5 -139.0 -138.5 -138.5  -139.5 -139.0 -139.5 -139.5
  (065) -138.5 -139.5 -139.0 -140.0  -139.5 -139.5 -139.5 -140.5
  (073) -139.5 -140.0 -140.5 -140.0  -141.5 -141.5 -140.5 -139.0
  (081) -140.0 -141.0 -141.5 -141.0  -142.5 -141.5 -141.0 -141.5
  (089) -141.0 -140.5 -141.0 -141.0  -142.5 -143.0 -142.0 -142.5
  (097) -141.5 -141.5 -142.0 -142.0  -143.5 -144.0 -144.0 -143.5
  (105) -143.5 -143.5 -144.0 -144.0  -144.0 -144.5 -144.0 -144.5
  (113) -144.5 -138.0 -142.5 -145.0  -145.0 -145.0 -145.0 -145.0
  (121) -145.5 -145.5 -144.5 -143.5  -143.0 -142.5 -143.0 -142.5

  (129) -142.5 -141.0 -141.5 -139.0  -138.5 -138.5 -138.0 -137.5
  (137) -138.0 -138.0 -139.0 -139.5  -140.0 -140.0 -141.0 -141.5
  (145) -142.0 -142.0 -142.5 -144.0  -145.0 -145.5 -145.0 -146.0
  (153) -146.5 -145.5 -146.5 -146.0  -146.5 -146.0 -147.0 -146.5
  (161) -146.5 -142.5 -147.0 -147.0  -147.0 -147.5 -147.5 -146.5
  (169) -146.5 -146.5 -146.0 -146.0  -146.0 -146.0 -147.0 -147.0
  (177) -147.0 -146.5 -146.0 -146.0  -146.0 -146.0 -146.5 -147.5
  (185) -147.0 -147.5 -147.0 -147.0  -147.0 -146.5 -146.5 -146.5
  (193) -147.0 -147.0 -147.0 -145.5  -145.5 -145.5 -145.0 -145.0
  (201) -145.5 -145.0 -145.0 -145.5  -145.0 -143.5 -143.5 -144.5
  (209) -144.0 -144.0 -144.0 -144.0  -143.0 -143.5 -142.5 -142.0
  (217) -142.5 -142.0 -142.5 -142.5  -143.0 -143.0 -143.0 -142.5
  (225) -143.0 -142.5 -142.5 -142.0  -143.0 -143.0 -143.5 -143.0
  (233) -143.0 -143.0 -143.0 -143.5  -144.0 -143.5 -143.0 -143.0
  (241) -143.5 -143.5 -143.0 -143.5  -143.5 -143.5 -143.5 -144.0
  (249) -143.5 -143.5 -143.5 -143.5  -144.0 -143.0 -144.0 -144.0

  (257) -144.0 -144.0 -144.5 -144.5  -145.0 -145.0 -144.5 -144.5
  (265) -145.0 -144.0 -144.5 -144.5  -144.5 -145.5 -144.5 -144.5
  (273) -145.0 -145.0 -145.5 -145.0  -145.0 -146.0 -145.5 -145.5
  (281) -146.0 -145.5 -145.5 -146.0  -146.0 -146.5 -146.5 -147.0
  (289) -146.5 -146.5 -147.0 -147.0  -145.5 -143.0 -139.0 -146.0
  (297) -147.5 -147.5 -148.5 -148.0  -148.5 -148.5 -149.0 -148.5
  (305) -149.0 -149.5 -148.5 -149.0  -148.5 -149.0 -148.5 -149.5
  (313) -148.5 -149.0 -148.5 -149.5  -149.0 -149.5 -148.5 -150.0
  (321) -150.0 -149.5 -149.5 -148.5  -149.0 -148.5 -149.5 -149.0
  (329) -149.5 -149.0 -148.5 -149.0  -148.0 -149.0 -148.0 -148.5
  (337) -148.0 -148.0 -148.0 -148.0  -145.5 -147.5 -148.0 -147.0
  (345) -147.0 -146.5 -147.0 -148.0  -147.5 -146.5 -147.0 -146.0
  (353) -146.5 -146.5 -146.5 -147.5  -147.5 -146.5 -146.5 -146.0
  (361) -146.5 -145.0 -145.5 -145.5  -146.5 -146.5 -145.5 -145.5
  (369) -146.0 -145.0 -144.5 -144.0  -145.5 -145.5 -145.5 -145.5
  (377) -145.0 -145.5 -145.0 -144.5  -144.0 -145.0 -146.0 -145.5

  (385) -145.5 -145.0 -145.0 -145.0  -144.5 -144.0 -144.5 -145.5
  (393) -145.0 -145.0 -144.5 -144.5  -144.0 -144.0 -144.0 -144.5
  (401) -145.0 -145.0 -144.5 -145.0  -144.0 -144.0 -144.5 -144.5
  (409) -145.0 -145.5 -145.0 -145.0  -145.0 -144.5 -145.0 -145.5
  (417) -145.0 -145.5 -146.0 -146.0  -146.0 -146.0 -145.5 -146.0
  (425) -146.5 -145.5 -146.0 -146.0  -146.5 -147.0 -146.5 -146.0
  (433) -147.0 -146.5 -146.0 -147.0  -147.5 -146.5 -147.0 -146.5
  (441) -147.0 -146.5 -147.5 -147.0  -147.0 -147.0 -147.0 -147.5
  (449) -148.5 -148.5 -147.5 -148.0  -148.0 -147.0 -149.0 -149.0
  (457) -149.0 -148.0 -148.0 -149.5  -148.5 -148.5 -149.5 -149.5
  (465) -148.5 -149.5 -149.0 -150.0  -149.0 -149.5 -149.5 -150.0
  (473) -149.0 -149.0 -146.0 -130.0  -147.0 -148.5 -149.5 -149.5
  (481) -149.5 -149.0 -149.5 -149.5  -149.0 -149.5 -148.5 -149.5
  (489) -149.5 -149.5 -148.5 -149.5  -149.0 -149.0 -148.5 -148.5
  (497) -148.5 -148.5 -148.5 -149.0  -148.5 -148.5 -148.5 -148.0
  (505) -148.5 -148.5 -149.5 -148.5  -148.5 -148.5 -148.5 -148.0

VES1724-56# 7 
7VES1724-56# 7 
7VES1724-56# 7 
7VES1724-56# 7 
7VES1724-56# 7 
7VES1724-56# 7Copyright (c) 1994 - 2014 ZyXEL Communications Corp.
VES1724-56# 7show vdsl-status subcarrier qln 23 2
777777777777777777777777777777777777   
  VDSL status sub-carrier QLN(dBm/Hz):
  port 23 Down Stream, group size: 1
            01     02     03     04      05     06     07     08
  --------------------------------------------------------------
  (001) -150.5 -150.5 -150.5 -150.5  -150.5 -150.5 -150.5 -150.5
  (009) -150.5 -150.5 -150.5 -150.5  -150.5 -150.5 -150.5 -150.5
  (017) -150.5 -150.5 -150.5 -150.5  -150.5 -150.5 -150.5 -150.5
  (025) -150.5 -150.5 -150.5 -150.5  -150.5 -150.5 -150.5 -150.5
  (033) -150.5 -134.5 -135.0 -135.0  -135.5 -136.0 -136.5 -136.5
  (041) -137.0 -137.5 -136.5 -137.5  -137.0 -137.5 -137.0 -137.0
  (049) -137.0 -137.5 -137.5 -138.0  -137.0 -137.5 -137.5 -138.0
  (057) -137.5 -139.0 -138.5 -138.5  -139.5 -139.0 -139.5 -139.5
  (065) -138.5 -139.5 -139.0 -140.0  -139.5 -139.5 -139.5 -140.5
  (073) -139.5 -140.0 -140.5 -140.0  -141.5 -141.5 -140.5 -139.0
  (081) -140.0 -141.0 -141.5 -141.0  -142.5 -141.5 -141.0 -141.5
  (089) -141.0 -140.5 -141.0 -141.0  -142.5 -143.0 -142.0 -142.5
  (097) -141.5 -141.5 -142.0 -142.0  -143.5 -144.0 -144.0 -143.5
  (105) -143.5 -143.5 -144.0 -144.0  -144.0 -144.5 -144.0 -144.5
  (113) -144.5 -138.0 -142.5 -145.0  -145.0 -145.0 -145.0 -145.0
  (121) -145.5 -145.5 -144.5 -143.5  -143.0 -142.5 -143.0 -142.5

  (129) -142.5 -141.0 -141.5 -139.0  -138.5 -138.5 -138.0 -137.5
  (137) -138.0 -138.0 -139.0 -139.5  -140.0 -140.0 -141.0 -141.5
  (145) -142.0 -142.0 -142.5 -144.0  -145.0 -145.5 -145.0 -146.0
  (153) -146.5 -145.5 -146.5 -146.0  -146.5 -146.0 -147.0 -146.5
  (161) -146.5 -142.5 -147.0 -147.0  -147.0 -147.5 -147.5 -146.5
  (169) -146.5 -146.5 -146.0 -146.0  -146.0 -146.0 -147.0 -147.0
  (177) -147.0 -146.5 -146.0 -146.0  -146.0 -146.0 -146.5 -147.5
  (185) -147.0 -147.5 -147.0 -147.0  -147.0 -146.5 -146.5 -146.5
  (193) -147.0 -147.0 -147.0 -145.5  -145.5 -145.5 -145.0 -145.0
  (201) -145.5 -145.0 -145.0 -145.5  -145.0 -143.5 -143.5 -144.5
  (209) -144.0 -144.0 -144.0 -144.0  -143.0 -143.5 -142.5 -142.0
  (217) -142.5 -142.0 -142.5 -142.5  -143.0 -143.0 -143.0 -142.5
  (225) -143.0 -142.5 -142.5 -142.0  -143.0 -143.0 -143.5 -143.0
  (233) -143.0 -143.0 -143.0 -143.5  -144.0 -143.5 -143.0 -143.0
  (241) -143.5 -143.5 -143.0 -143.5  -143.5 -143.5 -143.5 -144.0
  (249) -143.5 -143.5 -143.5 -143.5  -144.0 -143.0 -144.0 -144.0

  (257) -144.0 -144.0 -144.5 -144.5  -145.0 -145.0 -144.5 -144.5
  (265) -145.0 -144.0 -144.5 -144.5  -144.5 -145.5 -144.5 -144.5
  (273) -145.0 -145.0 -145.5 -145.0  -145.0 -146.0 -145.5 -145.5
  (281) -146.0 -145.5 -145.5 -146.0  -146.0 -146.5 -146.5 -147.0
  (289) -146.5 -146.5 -147.0 -147.0  -145.5 -143.0 -139.0 -146.0
  (297) -147.5 -147.5 -148.5 -148.0  -148.5 -148.5 -149.0 -148.5
  (305) -149.0 -149.5 -148.5 -149.0  -148.5 -149.0 -148.5 -149.5
  (313) -148.5 -149.0 -148.5 -149.5  -149.0 -149.5 -148.5 -150.0
  (321) -150.0 -149.5 -149.5 -148.5  -149.0 -148.5 -149.5 -149.0
  (329) -149.5 -149.0 -148.5 -149.0  -148.0 -149.0 -148.0 -148.5
  (337) -148.0 -148.0 -148.0 -148.0  -145.5 -147.5 -148.0 -147.0
  (345) -147.0 -146.5 -147.0 -148.0  -147.5 -146.5 -147.0 -146.0
  (353) -146.5 -146.5 -146.5 -147.5  -147.5 -146.5 -146.5 -146.0
  (361) -146.5 -145.0 -145.5 -145.5  -146.5 -146.5 -145.5 -145.5
  (369) -146.0 -145.0 -144.5 -144.0  -145.5 -145.5 -145.5 -145.5
  (377) -145.0 -145.5 -145.0 -144.5  -144.0 -145.0 -146.0 -145.5

  (385) -145.5 -145.0 -145.0 -145.0  -144.5 -144.0 -144.5 -145.5
  (393) -145.0 -145.0 -144.5 -144.5  -144.0 -144.0 -144.0 -144.5
  (401) -145.0 -145.0 -144.5 -145.0  -144.0 -144.0 -144.5 -144.5
  (409) -145.0 -145.5 -145.0 -145.0  -145.0 -144.5 -145.0 -145.5
  (417) -145.0 -145.5 -146.0 -146.0  -146.0 -146.0 -145.5 -146.0
  (425) -146.5 -145.5 -146.0 -146.0  -146.5 -147.0 -146.5 -146.0
  (433) -147.0 -146.5 -146.0 -147.0  -147.5 -146.5 -147.0 -146.5
  (441) -147.0 -146.5 -147.5 -147.0  -147.0 -147.0 -147.0 -147.5
  (449) -148.5 -148.5 -147.5 -148.0  -148.0 -147.0 -149.0 -149.0
  (457) -149.0 -148.0 -148.0 -149.5  -148.5 -148.5 -149.5 -149.5
  (465) -148.5 -149.5 -149.0 -150.0  -149.0 -149.5 -149.5 -150.0
  (473) -149.0 -149.0 -146.0 -130.0  -147.0 -148.5 -149.5 -149.5
  (481) -149.5 -149.0 -149.5 -149.5  -149.0 -149.5 -148.5 -149.5
  (489) -149.5 -149.5 -148.5 -149.5  -149.0 -149.0 -148.5 -148.5
  (497) -148.5 -148.5 -148.5 -149.0  -148.5 -148.5 -148.5 -148.0
  (505) -148.5 -148.5 -149.5 -148.5  -148.5 -148.5 -148.5 -148.0

VES1724-56# 7 
7VES1724-56# 7 
7VES1724-56# 7 
7VES1724-56# 7 
7VES1724-56# 7 
7VES1724-56# 7Copyright (c) 1994 - 2014 ZyXEL Communications Corp.
VES1724-56# 7show vdsl-status subcarrier qln 23 2
777777777777777777777777777777777777   
  VDSL status sub-carrier QLN(dBm/Hz):
  port 23 Down Stream, group size: 1
            01     02     03     04      05     06     07     08
  --------------------------------------------------------------
  (001) -150.5 -150.5 -150.5 -150.5  -150.5 -150.5 -150.5 -150.5
  (009) -150.5 -150.5 -150.5 -150.5  -150.5 -150.5 -150.5 -150.5
  (017) -150.5 -150.5 -150.5 -150.5  -150.5 -150.5 -150.5 -150.5
  (025) -150.5 -150.5 -150.5 -150.5  -150.5 -150.5 -150.5 -150.5
  (033) -150.5 -134.5 -135.0 -135.0  -135.5 -136.0 -136.5 -136.5
  (041) -137.0 -137.5 -136.5 -137.5  -137.0 -137.5 -137.0 -137.0
  (049) -137.0 -137.5 -137.5 -138.0  -137.0 -137.5 -137.5 -138.0
  (057) -137.5 -139.0 -138.5 -138.5  -139.5 -139.0 -139.5 -139.5
  (065) -138.5 -139.5 -139.0 -140.0  -139.5 -139.5 -139.5 -140.5
  (073) -139.5 -140.0 -140.5 -140.0  -141.5 -141.5 -140.5 -139.0
  (081) -140.0 -141.0 -141.5 -141.0  -142.5 -141.5 -141.0 -141.5
  (089) -141.0 -140.5 -141.0 -141.0  -142.5 -143.0 -142.0 -142.5
  (097) -141.5 -141.5 -142.0 -142.0  -143.5 -144.0 -144.0 -143.5
  (105) -143.5 -143.5 -144.0 -144.0  -144.0 -144.5 -144.0 -144.5
  (113) -144.5 -138.0 -142.5 -145.0  -145.0 -145.0 -145.0 -145.0
  (121) -145.5 -145.5 -144.5 -143.5  -143.0 -142.5 -143.0 -142.5

  (129) -142.5 -141.0 -141.5 -139.0  -138.5 -138.5 -138.0 -137.5
  (137) -138.0 -138.0 -139.0 -139.5  -140.0 -140.0 -141.0 -141.5
  (145) -142.0 -142.0 -142.5 -144.0  -145.0 -145.5 -145.0 -146.0
  (153) -146.5 -145.5 -146.5 -146.0  -146.5 -146.0 -147.0 -146.5
  (161) -146.5 -142.5 -147.0 -147.0  -147.0 -147.5 -147.5 -146.5
  (169) -146.5 -146.5 -146.0 -146.0  -146.0 -146.0 -147.0 -147.0
  (177) -147.0 -146.5 -146.0 -146.0  -146.0 -146.0 -146.5 -147.5
  (185) -147.0 -147.5 -147.0 -147.0  -147.0 -146.5 -146.5 -146.5
  (193) -147.0 -147.0 -147.0 -145.5  -145.5 -145.5 -145.0 -145.0
  (201) -145.5 -145.0 -145.0 -145.5  -145.0 -143.5 -143.5 -144.5
  (209) -144.0 -144.0 -144.0 -144.0  -143.0 -143.5 -142.5 -142.0
  (217) -142.5 -142.0 -142.5 -142.5  -143.0 -143.0 -143.0 -142.5
  (225) -143.0 -142.5 -142.5 -142.0  -143.0 -143.0 -143.5 -143.0
  (233) -143.0 -143.0 -143.0 -143.5  -144.0 -143.5 -143.0 -143.0
  (241) -143.5 -143.5 -143.0 -143.5  -143.5 -143.5 -143.5 -144.0
  (249) -143.5 -143.5 -143.5 -143.5  -144.0 -143.0 -144.0 -144.0

  (257) -144.0 -144.0 -144.5 -144.5  -145.0 -145.0 -144.5 -144.5
  (265) -145.0 -144.0 -144.5 -144.5  -144.5 -145.5 -144.5 -144.5
  (273) -145.0 -145.0 -145.5 -145.0  -145.0 -146.0 -145.5 -145.5
  (281) -146.0 -145.5 -145.5 -146.0  -146.0 -146.5 -146.5 -147.0
  (289) -146.5 -146.5 -147.0 -147.0  -145.5 -143.0 -139.0 -146.0
  (297) -147.5 -147.5 -148.5 -148.0  -148.5 -148.5 -149.0 -148.5
  (305) -149.0 -149.5 -148.5 -149.0  -148.5 -149.0 -148.5 -149.5
  (313) -148.5 -149.0 -148.5 -149.5  -149.0 -149.5 -148.5 -150.0
  (321) -150.0 -149.5 -149.5 -148.5  -149.0 -148.5 -149.5 -149.0
  (329) -149.5 -149.0 -148.5 -149.0  -148.0 -149.0 -148.0 -148.5
  (337) -148.0 -148.0 -148.0 -148.0  -145.5 -147.5 -148.0 -147.0
  (345) -147.0 -146.5 -147.0 -148.0  -147.5 -146.5 -147.0 -146.0
  (353) -146.5 -146.5 -146.5 -147.5  -147.5 -146.5 -146.5 -146.0
  (361) -146.5 -145.0 -145.5 -145.5  -146.5 -146.5 -145.5 -145.5
  (369) -146.0 -145.0 -144.5 -144.0  -145.5 -145.5 -145.5 -145.5
  (377) -145.0 -145.5 -145.0 -144.5  -144.0 -145.0 -146.0 -145.5

  (385) -145.5 -145.0 -145.0 -145.0  -144.5 -144.0 -144.5 -145.5
  (393) -145.0 -145.0 -144.5 -144.5  -144.0 -144.0 -144.0 -144.5
  (401) -145.0 -145.0 -144.5 -145.0  -144.0 -144.0 -144.5 -144.5
  (409) -145.0 -145.5 -145.0 -145.0  -145.0 -144.5 -145.0 -145.5
  (417) -145.0 -145.5 -146.0 -146.0  -146.0 -146.0 -145.5 -146.0
  (425) -146.5 -145.5 -146.0 -146.0  -146.5 -147.0 -146.5 -146.0
  (433) -147.0 -146.5 -146.0 -147.0  -147.5 -146.5 -147.0 -146.5
  (441) -147.0 -146.5 -147.5 -147.0  -147.0 -147.0 -147.0 -147.5
  (449) -148.5 -148.5 -147.5 -148.0  -148.0 -147.0 -149.0 -149.0
  (457) -149.0 -148.0 -148.0 -149.5  -148.5 -148.5 -149.5 -149.5
  (465) -148.5 -149.5 -149.0 -150.0  -149.0 -149.5 -149.5 -150.0
  (473) -149.0 -149.0 -146.0 -130.0  -147.0 -148.5 -149.5 -149.5
  (481) -149.5 -149.0 -149.5 -149.5  -149.0 -149.5 -148.5 -149.5
  (489) -149.5 -149.5 -148.5 -149.5  -149.0 -149.0 -148.5 -148.5
  (497) -148.5 -148.5 -148.5 -149.0  -148.5 -148.5 -148.5 -148.0
  (505) -148.5 -148.5 -149.5 -148.5  -148.5 -148.5 -148.5 -148.0

VES1724-56# 7 
7VES1724-56# 7 
7VES1724-56# 7 
7VES1724-56# 7 
7VES1724-56# 7 
7VES1724-56# 7