Copyright (c) 1994 - 2014 ZyXEL Communications Corp.
VES1724-56# 7show vdsl-status subcarrier snr 23 2
777777777777777777777777777777777777   
  VDSL status sub-carrier SNR(dBm/Hz):
  port 23 Down Stream, group size: 1
           01    02    03    04     05    06    07    08
  ------------------------------------------------------
  (001)   0.0   0.0   0.0   0.0    0.0   0.0   0.0   0.0
  (009)   0.0   0.0   0.0   0.0    0.0   0.0   0.0   0.0
  (017)   0.0   0.0   0.0   0.0    0.0   0.0   0.0   0.0
  (025)   0.0   0.0   0.0   0.0    0.0   0.0   0.0   0.0
  (033)   0.0  46.0  47.5  48.0   48.5  49.5  49.5  50.5
  (041)  50.5  51.0  51.5  52.0   52.5  53.0  53.5  54.0
  (049)  54.5  55.0  55.0  56.0   56.0  55.5  55.5  55.5
  (057)  55.5  55.5  56.0  56.0   56.0  56.0  56.0  56.5
  (065)  56.5  56.5  56.5  57.0   57.0  56.5  57.0  56.5
  (073)  57.0  56.5  56.5  57.0   57.0  57.0  57.0  56.0
  (081)  56.5  56.5  56.5  56.5   56.5  56.5  56.5  57.0
  (089)  56.5  56.0  56.0  56.0   55.5  55.5  56.0  56.0
  (097)  56.5  56.0  56.0  55.5   56.0  55.5  56.0  56.0
  (105)  56.0  56.0  56.0  56.0   56.0  56.0  56.0  55.5
  (113)  55.5  50.0  53.5  55.0   55.5  55.5  55.5  55.0
  (121)  55.0  55.0  54.5  54.0   53.5  53.5  52.5  52.5

  (129)  52.0  51.0  51.0  50.5   50.0  49.0  49.0  49.0
  (137)  49.0  49.5  49.0  49.5   50.0  50.0  50.0  50.0
  (145)  50.0  50.5  51.0  51.5   52.0  52.0  52.5  53.0
  (153)  53.0  53.0  52.5  52.5   52.5  49.5  52.5  52.0
  (161)  52.0  48.5  52.0  52.5   52.0  52.0  52.0  51.5
  (169)  51.5  51.0  51.0  50.5   51.0  51.0  51.0  51.0
  (177)  51.0  50.5  50.5  50.0   50.5  50.5  50.5  50.5
  (185)  50.5  50.5  50.0  50.0   50.0  50.0  49.5  49.5
  (193)  49.5  49.5  49.0  48.5   48.0  48.0  47.5  47.5
  (201)  47.0  47.0  47.0  47.0   46.5  46.5  46.5  46.5
  (209)  46.0  46.0  46.0  45.5   45.5  45.0  44.5  44.5
  (217)  44.5  44.5  44.0  44.0   44.0  44.0  44.0  43.5
  (225)  44.0  44.0  43.0  42.0   43.5  43.5  43.5  43.0
  (233)  43.0  43.0  43.0  43.0   43.0  43.0  42.5  42.5
  (241)  42.5  42.5  42.5  42.5   42.5  42.5  42.5  42.5
  (249)  42.5  42.5  42.5  42.0   42.5  42.5  42.5  42.0

  (257)  42.0  42.0  42.0  42.0   42.0  42.0  42.0  42.0
  (265)  42.0  42.0  41.5  41.5   41.5  41.5  41.5  41.5
  (273)  42.0  41.5  41.5  41.5   41.5  41.5  41.5  41.5
  (281)  41.5  41.5  41.0  42.0   41.5  42.0  42.0  42.0
  (289)  42.0  42.0  42.0  42.0   41.0  37.0  33.5  40.0
  (297)  41.5  41.5  42.0  42.0   42.0  41.5  42.0  42.0
  (305)  42.0  41.5  41.5  41.5   41.5  41.5  41.5  41.5
  (313)  41.0  41.5  41.0  41.0   41.0  41.0  41.0  40.5
  (321)  40.5  40.5  40.5  39.5   40.0  40.0  40.0  39.5
  (329)  39.5  39.0  39.0  39.0   39.0  38.5  38.5  38.5
  (337)  38.0  38.0  38.0  38.0   35.5  37.5  37.5  37.0
  (345)  37.0  37.0  37.0  36.5   36.5  36.0  36.0  35.5
  (353)  35.5  35.5  35.5  35.0   35.0  35.0  34.5  34.5
  (361)  34.5  34.5  34.0  34.0   34.0  34.5  34.0  34.0
  (369)  33.5  33.5  33.5  33.5   33.5  33.5  33.5  33.5
  (377)  33.5  33.0  33.0  33.0   33.0  33.0  32.5  32.5

  (385)  32.5  32.5  32.5  32.0   32.0  32.0  32.0  32.0
  (393)  31.5  31.5  31.5  31.5   31.5  31.0  31.0  31.0
  (401)  31.0  31.0  31.0  31.0   31.0  31.0  30.5  30.5
  (409)  31.0  31.0  31.0  31.0   31.0  31.0  31.0  31.0
  (417)  31.0  31.0  31.0  31.0   31.0  31.0  31.0  31.0
  (425)  30.5  31.0  31.0  31.0   30.5  30.5  30.5  30.5
  (433)  30.5  30.5  30.5  30.5   30.0  30.0  30.0  30.0
  (441)  29.5  30.0  30.0  30.0   30.0  30.0  29.5  29.5
  (449)  29.5  30.0  30.0  29.5   30.0  28.5  29.0  29.0
  (457)  29.0  29.0  29.0  29.0   29.0  29.0  28.5  28.5
  (465)  28.5  28.5  28.5  28.0   27.5  27.5  27.5  27.0
  (473)  26.5  25.5  23.5   5.0   23.5  25.0  24.5  24.5
  (481)  24.0  24.0  23.5  23.5   23.0  22.5  22.0  21.5
  (489)  21.0  21.0  20.0  20.0   20.0  19.0  19.0  18.0
  (497)  17.5  17.5  16.0  16.0   14.5  13.5  12.0  11.0
  (505)  10.5   8.0   0.0   0.0    0.0   0.0   0.0   0.0

VES1724-56# 7 
7VES1724-56# 7 
7VES1724-56# 7 
7VES1724-56# 7 
7VES1724-56# 7 
7VES1724-56# 7Copyright (c) 1994 - 2014 ZyXEL Communications Corp.
VES1724-56# 7show vdsl-status subcarrier snr 23 2
777777777777777777777777777777777777   
  VDSL status sub-carrier SNR(dBm/Hz):
  port 23 Down Stream, group size: 1
           01    02    03    04     05    06    07    08
  ------------------------------------------------------
  (001)   0.0   0.0   0.0   0.0    0.0   0.0   0.0   0.0
  (009)   0.0   0.0   0.0   0.0    0.0   0.0   0.0   0.0
  (017)   0.0   0.0   0.0   0.0    0.0   0.0   0.0   0.0
  (025)   0.0   0.0   0.0   0.0    0.0   0.0   0.0   0.0
  (033)   0.0  46.0  47.5  48.0   48.5  49.5  49.5  50.5
  (041)  50.5  51.0  51.5  52.0   52.5  53.0  53.5  54.0
  (049)  54.5  55.0  55.0  56.0   56.0  55.5  55.5  55.5
  (057)  55.5  55.5  56.0  56.0   56.0  56.0  56.0  56.5
  (065)  56.5  56.5  56.5  57.0   57.0  56.5  57.0  56.5
  (073)  57.0  56.5  56.5  57.0   57.0  57.0  57.0  56.0
  (081)  56.5  56.5  56.5  56.5   56.5  56.5  56.5  57.0
  (089)  56.5  56.0  56.0  56.0   55.5  55.5  56.0  56.0
  (097)  56.5  56.0  56.0  55.5   56.0  55.5  56.0  56.0
  (105)  56.0  56.0  56.0  56.0   56.0  56.0  56.0  55.5
  (113)  55.5  50.0  53.5  55.0   55.5  55.5  55.5  55.0
  (121)  55.0  55.0  54.5  54.0   53.5  53.5  52.5  52.5

  (129)  52.0  51.0  51.0  50.5   50.0  49.0  49.0  49.0
  (137)  49.0  49.5  49.0  49.5   50.0  50.0  50.0  50.0
  (145)  50.0  50.5  51.0  51.5   52.0  52.0  52.5  53.0
  (153)  53.0  53.0  52.5  52.5   52.5  49.5  52.5  52.0
  (161)  52.0  48.5  52.0  52.5   52.0  52.0  52.0  51.5
  (169)  51.5  51.0  51.0  50.5   51.0  51.0  51.0  51.0
  (177)  51.0  50.5  50.5  50.0   50.5  50.5  50.5  50.5
  (185)  50.5  50.5  50.0  50.0   50.0  50.0  49.5  49.5
  (193)  49.5  49.5  49.0  48.5   48.0  48.0  47.5  47.5
  (201)  47.0  47.0  47.0  47.0   46.5  46.5  46.5  46.5
  (209)  46.0  46.0  46.0  45.5   45.5  45.0  44.5  44.5
  (217)  44.5  44.5  44.0  44.0   44.0  44.0  44.0  43.5
  (225)  44.0  44.0  43.0  42.0   43.5  43.5  43.5  43.0
  (233)  43.0  43.0  43.0  43.0   43.0  43.0  42.5  42.5
  (241)  42.5  42.5  42.5  42.5   42.5  42.5  42.5  42.5
  (249)  42.5  42.5  42.5  42.0   42.5  42.5  42.5  42.0

  (257)  42.0  42.0  42.0  42.0   42.0  42.0  42.0  42.0
  (265)  42.0  42.0  41.5  41.5   41.5  41.5  41.5  41.5
  (273)  42.0  41.5  41.5  41.5   41.5  41.5  41.5  41.5
  (281)  41.5  41.5  41.0  42.0   41.5  42.0  42.0  42.0
  (289)  42.0  42.0  42.0  42.0   41.0  37.0  33.5  40.0
  (297)  41.5  41.5  42.0  42.0   42.0  41.5  42.0  42.0
  (305)  42.0  41.5  41.5  41.5   41.5  41.5  41.5  41.5
  (313)  41.0  41.5  41.0  41.0   41.0  41.0  41.0  40.5
  (321)  40.5  40.5  40.5  39.5   40.0  40.0  40.0  39.5
  (329)  39.5  39.0  39.0  39.0   39.0  38.5  38.5  38.5
  (337)  38.0  38.0  38.0  38.0   35.5  37.5  37.5  37.0
  (345)  37.0  37.0  37.0  36.5   36.5  36.0  36.0  35.5
  (353)  35.5  35.5  35.5  35.0   35.0  35.0  34.5  34.5
  (361)  34.5  34.5  34.0  34.0   34.0  34.5  34.0  34.0
  (369)  33.5  33.5  33.5  33.5   33.5  33.5  33.5  33.5
  (377)  33.5  33.0  33.0  33.0   33.0  33.0  32.5  32.5

  (385)  32.5  32.5  32.5  32.0   32.0  32.0  32.0  32.0
  (393)  31.5  31.5  31.5  31.5   31.5  31.0  31.0  31.0
  (401)  31.0  31.0  31.0  31.0   31.0  31.0  30.5  30.5
  (409)  31.0  31.0  31.0  31.0   31.0  31.0  31.0  31.0
  (417)  31.0  31.0  31.0  31.0   31.0  31.0  31.0  31.0
  (425)  30.5  31.0  31.0  31.0   30.5  30.5  30.5  30.5
  (433)  30.5  30.5  30.5  30.5   30.0  30.0  30.0  30.0
  (441)  29.5  30.0  30.0  30.0   30.0  30.0  29.5  29.5
  (449)  29.5  30.0  30.0  29.5   30.0  28.5  29.0  29.0
  (457)  29.0  29.0  29.0  29.0   29.0  29.0  28.5  28.5
  (465)  28.5  28.5  28.5  28.0   27.5  27.5  27.5  27.0
  (473)  26.5  25.5  23.5   5.0   23.5  25.0  24.5  24.5
  (481)  24.0  24.0  23.5  23.5   23.0  22.5  22.0  21.5
  (489)  21.0  21.0  20.0  20.0   20.0  19.0  19.0  18.0
  (497)  17.5  17.5  16.0  16.0   14.5  13.5  12.0  11.0
  (505)  10.5   8.0   0.0   0.0    0.0   0.0   0.0   0.0

VES1724-56# 7 
7VES1724-56# 7 
7VES1724-56# 7 
7VES1724-56# 7 
7VES1724-56# 7 
7VES1724-56# 7Copyright (c) 1994 - 2014 ZyXEL Communications Corp.
VES1724-56# 7show vdsl-status subcarrier snr 23 2
777777777777777777777777777777777777   
  VDSL status sub-carrier SNR(dBm/Hz):
  port 23 Down Stream, group size: 1
           01    02    03    04     05    06    07    08
  ------------------------------------------------------
  (001)   0.0   0.0   0.0   0.0    0.0   0.0   0.0   0.0
  (009)   0.0   0.0   0.0   0.0    0.0   0.0   0.0   0.0
  (017)   0.0   0.0   0.0   0.0    0.0   0.0   0.0   0.0
  (025)   0.0   0.0   0.0   0.0    0.0   0.0   0.0   0.0
  (033)   0.0  46.0  47.5  48.0   48.5  49.5  49.5  50.5
  (041)  50.5  51.0  51.5  52.0   52.5  53.0  53.5  54.0
  (049)  54.5  55.0  55.0  56.0   56.0  55.5  55.5  55.5
  (057)  55.5  55.5  56.0  56.0   56.0  56.0  56.0  56.5
  (065)  56.5  56.5  56.5  57.0   57.0  56.5  57.0  56.5
  (073)  57.0  56.5  56.5  57.0   57.0  57.0  57.0  56.0
  (081)  56.5  56.5  56.5  56.5   56.5  56.5  56.5  57.0
  (089)  56.5  56.0  56.0  56.0   55.5  55.5  56.0  56.0
  (097)  56.5  56.0  56.0  55.5   56.0  55.5  56.0  56.0
  (105)  56.0  56.0  56.0  56.0   56.0  56.0  56.0  55.5
  (113)  55.5  50.0  53.5  55.0   55.5  55.5  55.5  55.0
  (121)  55.0  55.0  54.5  54.0   53.5  53.5  52.5  52.5

  (129)  52.0  51.0  51.0  50.5   50.0  49.0  49.0  49.0
  (137)  49.0  49.5  49.0  49.5   50.0  50.0  50.0  50.0
  (145)  50.0  50.5  51.0  51.5   52.0  52.0  52.5  53.0
  (153)  53.0  53.0  52.5  52.5   52.5  49.5  52.5  52.0
  (161)  52.0  48.5  52.0  52.5   52.0  52.0  52.0  51.5
  (169)  51.5  51.0  51.0  50.5   51.0  51.0  51.0  51.0
  (177)  51.0  50.5  50.5  50.0   50.5  50.5  50.5  50.5
  (185)  50.5  50.5  50.0  50.0   50.0  50.0  49.5  49.5
  (193)  49.5  49.5  49.0  48.5   48.0  48.0  47.5  47.5
  (201)  47.0  47.0  47.0  47.0   46.5  46.5  46.5  46.5
  (209)  46.0  46.0  46.0  45.5   45.5  45.0  44.5  44.5
  (217)  44.5  44.5  44.0  44.0   44.0  44.0  44.0  43.5
  (225)  44.0  44.0  43.0  42.0   43.5  43.5  43.5  43.0
  (233)  43.0  43.0  43.0  43.0   43.0  43.0  42.5  42.5
  (241)  42.5  42.5  42.5  42.5   42.5  42.5  42.5  42.5
  (249)  42.5  42.5  42.5  42.0   42.5  42.5  42.5  42.0

  (257)  42.0  42.0  42.0  42.0   42.0  42.0  42.0  42.0
  (265)  42.0  42.0  41.5  41.5   41.5  41.5  41.5  41.5
  (273)  42.0  41.5  41.5  41.5   41.5  41.5  41.5  41.5
  (281)  41.5  41.5  41.0  42.0   41.5  42.0  42.0  42.0
  (289)  42.0  42.0  42.0  42.0   41.0  37.0  33.5  40.0
  (297)  41.5  41.5  42.0  42.0   42.0  41.5  42.0  42.0
  (305)  42.0  41.5  41.5  41.5   41.5  41.5  41.5  41.5
  (313)  41.0  41.5  41.0  41.0   41.0  41.0  41.0  40.5
  (321)  40.5  40.5  40.5  39.5   40.0  40.0  40.0  39.5
  (329)  39.5  39.0  39.0  39.0   39.0  38.5  38.5  38.5
  (337)  38.0  38.0  38.0  38.0   35.5  37.5  37.5  37.0
  (345)  37.0  37.0  37.0  36.5   36.5  36.0  36.0  35.5
  (353)  35.5  35.5  35.5  35.0   35.0  35.0  34.5  34.5
  (361)  34.5  34.5  34.0  34.0   34.0  34.5  34.0  34.0
  (369)  33.5  33.5  33.5  33.5   33.5  33.5  33.5  33.5
  (377)  33.5  33.0  33.0  33.0   33.0  33.0  32.5  32.5

  (385)  32.5  32.5  32.5  32.0   32.0  32.0  32.0  32.0
  (393)  31.5  31.5  31.5  31.5   31.5  31.0  31.0  31.0
  (401)  31.0  31.0  31.0  31.0   31.0  31.0  30.5  30.5
  (409)  31.0  31.0  31.0  31.0   31.0  31.0  31.0  31.0
  (417)  31.0  31.0  31.0  31.0   31.0  31.0  31.0  31.0
  (425)  30.5  31.0  31.0  31.0   30.5  30.5  30.5  30.5
  (433)  30.5  30.5  30.5  30.5   30.0  30.0  30.0  30.0
  (441)  29.5  30.0  30.0  30.0   30.0  30.0  29.5  29.5
  (449)  29.5  30.0  30.0  29.5   30.0  28.5  29.0  29.0
  (457)  29.0  29.0  29.0  29.0   29.0  29.0  28.5  28.5
  (465)  28.5  28.5  28.5  28.0   27.5  27.5  27.5  27.0
  (473)  26.5  25.5  23.5   5.0   23.5  25.0  24.5  24.5
  (481)  24.0  24.0  23.5  23.5   23.0  22.5  22.0  21.5
  (489)  21.0  21.0  20.0  20.0   20.0  19.0  19.0  18.0
  (497)  17.5  17.5  16.0  16.0   14.5  13.5  12.0  11.0
  (505)  10.5   8.0   0.0   0.0    0.0   0.0   0.0   0.0

VES1724-56# 7 
7VES1724-56# 7 
7VES1724-56# 7 
7VES1724-56# 7 
7VES1724-56# 7 
7VES1724-56# 7Copyright (c) 1994 - 2014 ZyXEL Communications Corp.
VES1724-56# 7show vdsl-status subcarrier snr 23 2
777777777777777777777777777777777777   
  VDSL status sub-carrier SNR(dBm/Hz):
  port 23 Down Stream, group size: 1
           01    02    03    04     05    06    07    08
  ------------------------------------------------------
  (001)   0.0   0.0   0.0   0.0    0.0   0.0   0.0   0.0
  (009)   0.0   0.0   0.0   0.0    0.0   0.0   0.0   0.0
  (017)   0.0   0.0   0.0   0.0    0.0   0.0   0.0   0.0
  (025)   0.0   0.0   0.0   0.0    0.0   0.0   0.0   0.0
  (033)   0.0  46.0  47.5  48.0   48.5  49.5  49.5  50.5
  (041)  50.5  51.0  51.5  52.0   52.5  53.0  53.5  54.0
  (049)  54.5  55.0  55.0  56.0   56.0  55.5  55.5  55.5
  (057)  55.5  55.5  56.0  56.0   56.0  56.0  56.0  56.5
  (065)  56.5  56.5  56.5  57.0   57.0  56.5  57.0  56.5
  (073)  57.0  56.5  56.5  57.0   57.0  57.0  57.0  56.0
  (081)  56.5  56.5  56.5  56.5   56.5  56.5  56.5  57.0
  (089)  56.5  56.0  56.0  56.0   55.5  55.5  56.0  56.0
  (097)  56.5  56.0  56.0  55.5   56.0  55.5  56.0  56.0
  (105)  56.0  56.0  56.0  56.0   56.0  56.0  56.0  55.5
  (113)  55.5  50.0  53.5  55.0   55.5  55.5  55.5  55.0
  (121)  55.0  55.0  54.5  54.0   53.5  53.5  52.5  52.5

  (129)  52.0  51.0  51.0  50.5   50.0  49.0  49.0  49.0
  (137)  49.0  49.5  49.0  49.5   50.0  50.0  50.0  50.0
  (145)  50.0  50.5  51.0  51.5   52.0  52.0  52.5  53.0
  (153)  53.0  53.0  52.5  52.5   52.5  49.5  52.5  52.0
  (161)  52.0  48.5  52.0  52.5   52.0  52.0  52.0  51.5
  (169)  51.5  51.0  51.0  50.5   51.0  51.0  51.0  51.0
  (177)  51.0  50.5  50.5  50.0   50.5  50.5  50.5  50.5
  (185)  50.5  50.5  50.0  50.0   50.0  50.0  49.5  49.5
  (193)  49.5  49.5  49.0  48.5   48.0  48.0  47.5  47.5
  (201)  47.0  47.0  47.0  47.0   46.5  46.5  46.5  46.5
  (209)  46.0  46.0  46.0  45.5   45.5  45.0  44.5  44.5
  (217)  44.5  44.5  44.0  44.0   44.0  44.0  44.0  43.5
  (225)  44.0  44.0  43.0  42.0   43.5  43.5  43.5  43.0
  (233)  43.0  43.0  43.0  43.0   43.0  43.0  42.5  42.5
  (241)  42.5  42.5  42.5  42.5   42.5  42.5  42.5  42.5
  (249)  42.5  42.5  42.5  42.0   42.5  42.5  42.5  42.0

  (257)  42.0  42.0  42.0  42.0   42.0  42.0  42.0  42.0
  (265)  42.0  42.0  41.5  41.5   41.5  41.5  41.5  41.5
  (273)  42.0  41.5  41.5  41.5   41.5  41.5  41.5  41.5
  (281)  41.5  41.5  41.0  42.0   41.5  42.0  42.0  42.0
  (289)  42.0  42.0  42.0  42.0   41.0  37.0  33.5  40.0
  (297)  41.5  41.5  42.0  42.0   42.0  41.5  42.0  42.0
  (305)  42.0  41.5  41.5  41.5   41.5  41.5  41.5  41.5
  (313)  41.0  41.5  41.0  41.0   41.0  41.0  41.0  40.5
  (321)  40.5  40.5  40.5  39.5   40.0  40.0  40.0  39.5
  (329)  39.5  39.0  39.0  39.0   39.0  38.5  38.5  38.5
  (337)  38.0  38.0  38.0  38.0   35.5  37.5  37.5  37.0
  (345)  37.0  37.0  37.0  36.5   36.5  36.0  36.0  35.5
  (353)  35.5  35.5  35.5  35.0   35.0  35.0  34.5  34.5
  (361)  34.5  34.5  34.0  34.0   34.0  34.5  34.0  34.0
  (369)  33.5  33.5  33.5  33.5   33.5  33.5  33.5  33.5
  (377)  33.5  33.0  33.0  33.0   33.0  33.0  32.5  32.5

  (385)  32.5  32.5  32.5  32.0   32.0  32.0  32.0  32.0
  (393)  31.5  31.5  31.5  31.5   31.5  31.0  31.0  31.0
  (401)  31.0  31.0  31.0  31.0   31.0  31.0  30.5  30.5
  (409)  31.0  31.0  31.0  31.0   31.0  31.0  31.0  31.0
  (417)  31.0  31.0  31.0  31.0   31.0  31.0  31.0  31.0
  (425)  30.5  31.0  31.0  31.0   30.5  30.5  30.5  30.5
  (433)  30.5  30.5  30.5  30.5   30.0  30.0  30.0  30.0
  (441)  29.5  30.0  30.0  30.0   30.0  30.0  29.5  29.5
  (449)  29.5  30.0  30.0  29.5   30.0  28.5  29.0  29.0
  (457)  29.0  29.0  29.0  29.0   29.0  29.0  28.5  28.5
  (465)  28.5  28.5  28.5  28.0   27.5  27.5  27.5  27.0
  (473)  26.5  25.5  23.5   5.0   23.5  25.0  24.5  24.5
  (481)  24.0  24.0  23.5  23.5   23.0  22.5  22.0  21.5
  (489)  21.0  21.0  20.0  20.0   20.0  19.0  19.0  18.0
  (497)  17.5  17.5  16.0  16.0   14.5  13.5  12.0  11.0
  (505)  10.5   8.0   0.0   0.0    0.0   0.0   0.0   0.0

VES1724-56# 7 
7VES1724-56# 7 
7VES1724-56# 7 
7VES1724-56# 7 
7VES1724-56# 7 
7VES1724-56# 7