Copyright (c) 1994 - 2014 ZyXEL Communications Corp.
VES1724-56# 7show vdsl-status subcarrier hlog 23 2
7777777777777777777777777777777777777   
  VDSL status sub-carrier Hlog(dB/Hz):
  port 23 Down Stream, group size: 1
           01    02    03    04     05    06    07    08
  ------------------------------------------------------
  (001) -96.0 -96.0 -96.0 -96.0  -96.0 -96.0 -96.0 -96.0
  (009) -96.0 -96.0 -96.0 -96.0  -96.0 -96.0 -96.0 -96.0
  (017) -96.0 -96.0 -96.0 -96.0  -96.0 -96.0 -96.0 -96.0
  (025) -96.0 -96.0 -96.0 -96.0  -96.0 -96.0 -96.0 -96.0
  (033) -23.2 -22.8 -22.2 -21.9  -21.6 -21.3 -20.9 -20.4
  (041) -20.1 -19.9 -19.7 -19.6  -19.6 -19.3 -19.1 -18.8
  (049) -18.7 -18.6 -18.6 -18.7  -18.6 -18.5 -18.5 -18.5
  (057) -18.5 -18.6 -18.7 -18.8  -19.0 -19.1 -19.2 -19.3
  (065) -19.5 -19.6 -19.8 -20.0  -20.1 -20.2 -20.4 -20.6
  (073) -20.8 -21.0 -21.1 -21.3  -21.5 -21.7 -21.9 -22.0
  (081) -22.2 -22.4 -22.5 -22.7  -22.9 -23.1 -23.2 -23.4
  (089) -23.6 -23.7 -23.9 -24.1  -24.3 -24.4 -24.6 -24.7
  (097) -25.0 -25.0 -25.2 -25.3  -25.5 -25.6 -25.8 -26.0
  (105) -26.1 -26.3 -26.5 -26.5  -26.7 -26.9 -27.0 -27.1
  (113) -27.3 -27.5 -27.6 -27.6  -27.8 -28.0 -28.0 -28.2
  (121) -28.3 -28.5 -28.5 -28.8  -28.9 -29.0 -29.1 -29.3

  (129) -29.4 -29.5 -29.6 -29.8  -29.9 -30.0 -30.1 -30.3
  (137) -30.3 -30.5 -30.6 -30.7  -30.8 -30.9 -31.0 -31.1
  (145) -31.3 -31.4 -31.5 -31.6  -31.7 -31.8 -32.0 -32.0
  (153) -32.1 -32.3 -32.3 -32.5  -32.6 -32.7 -32.8 -32.9
  (161) -33.0 -33.1 -33.2 -33.3  -33.4 -33.5 -33.6 -33.7
  (169) -33.8 -33.9 -34.0 -34.1  -34.2 -34.3 -34.5 -34.5
  (177) -34.6 -34.7 -34.8 -34.8  -35.0 -35.1 -35.2 -35.3
  (185) -35.3 -35.5 -35.6 -35.6  -35.7 -35.8 -35.9 -36.0
  (193) -36.0 -36.1 -36.2 -36.3  -36.5 -36.5 -36.6 -36.7
  (201) -36.8 -36.8 -37.0 -37.0  -37.1 -37.2 -37.3 -37.4
  (209) -37.5 -37.5 -37.6 -37.7  -37.8 -37.9 -38.0 -38.1
  (217) -38.2 -38.3 -38.4 -38.5  -38.6 -38.6 -38.8 -38.8
  (225) -39.0 -39.1 -39.2 -39.3  -39.4 -39.5 -39.6 -39.6
  (233) -39.8 -39.8 -40.0 -40.0  -40.1 -40.2 -40.3 -40.4
  (241) -40.5 -40.6 -40.7 -40.8  -40.9 -41.0 -41.1 -41.1
  (249) -41.3 -41.3 -41.5 -41.5  -41.6 -41.7 -41.8 -41.9

  (257) -42.0 -42.1 -42.2 -42.3  -42.4 -42.5 -42.6 -42.7
  (265) -42.8 -42.9 -43.0 -43.1  -43.1 -43.2 -43.3 -43.4
  (273) -43.5 -43.5 -43.6 -43.7  -43.8 -43.9 -44.0 -44.0
  (281) -44.1 -44.2 -44.3 -44.4  -44.5 -44.5 -44.6 -44.7
  (289) -44.8 -44.8 -45.0 -45.0  -45.1 -45.2 -45.4 -45.5
  (297) -45.5 -45.6 -45.7 -45.8  -45.9 -46.0 -46.1 -46.1
  (305) -46.2 -46.3 -46.5 -46.5  -46.6 -46.6 -46.8 -46.8
  (313) -46.9 -47.0 -47.0 -47.1  -47.2 -47.2 -47.3 -47.5
  (321) -47.5 -47.6 -47.6 -47.7  -47.8 -47.9 -48.0 -48.1
  (329) -48.2 -48.2 -48.3 -48.5  -48.5 -48.6 -48.6 -48.8
  (337) -48.9 -48.9 -49.0 -49.1  -49.2 -49.3 -49.4 -49.5
  (345) -49.6 -49.6 -49.8 -49.8  -49.9 -50.0 -50.1 -50.1
  (353) -50.3 -50.3 -50.3 -50.4  -50.5 -50.6 -50.6 -50.7
  (361) -50.7 -50.8 -50.9 -50.9  -51.0 -51.1 -51.1 -51.3
  (369) -51.3 -51.3 -51.3 -51.5  -51.6 -51.6 -51.7 -51.8
  (377) -51.8 -51.9 -51.8 -52.1  -52.1 -52.3 -52.3 -52.4

  (385) -52.5 -52.5 -52.7 -52.6  -52.8 -52.8 -53.0 -53.1
  (393) -53.0 -53.1 -53.3 -53.3  -53.3 -53.5 -53.4 -53.6
  (401) -53.7 -53.8 -53.8 -54.0  -54.0 -54.0 -54.1 -54.1
  (409) -54.3 -54.3 -54.5 -54.5  -54.6 -54.7 -54.8 -54.7
  (417) -54.8 -55.0 -55.0 -55.1  -55.1 -55.4 -55.3 -55.5
  (425) -55.6 -55.5 -55.6 -55.9  -56.0 -56.0 -56.1 -56.4
  (433) -56.3 -56.6 -56.8 -56.9  -56.8 -56.9 -57.1 -57.1
  (441) -57.1 -57.5 -57.4 -57.6  -57.6 -57.8 -57.8 -58.1
  (449) -58.1 -58.4 -58.4 -58.5  -58.5 -58.5 -59.1 -58.9
  (457) -59.1 -59.3 -59.5 -59.4  -59.6 -59.7 -59.9 -60.1
  (465) -60.3 -60.4 -60.6 -60.6  -61.0 -61.0 -61.2 -61.4
  (473) -61.8 -62.0 -61.8 -62.4  -62.4 -62.4 -62.9 -62.7
  (481) -63.2 -63.3 -63.5 -63.6  -63.7 -64.0 -63.8 -64.1
  (489) -64.5 -64.3 -64.5 -64.6  -65.2 -65.5 -65.4 -65.3
  (497) -65.6 -65.9 -65.9 -66.1  -66.1 -66.2 -66.3 -66.0
  (505) -66.4 -66.3 -66.1 -66.8  -66.8 -66.3 -66.3 -66.5

VES1724-56# 7 
7VES1724-56# 7