Copyright (c) 1994 - 2014 ZyXEL Communications Corp.
VES1724-56# 7show vdsl-status subcarrier qln 23 2
777777777777777777777777777777777777   
  VDSL status sub-carrier QLN(dBm/Hz):
  port 23 Down Stream, group size: 1
            01     02     03     04      05     06     07     08
  --------------------------------------------------------------
  (001) -150.5 -150.5 -150.5 -150.5  -150.5 -150.5 -150.5 -150.5
  (009) -150.5 -150.5 -150.5 -150.5  -150.5 -150.5 -150.5 -150.5
  (017) -150.5 -150.5 -150.5 -150.5  -150.5 -150.5 -150.5 -150.5
  (025) -150.5 -150.5 -150.5 -150.5  -150.5 -150.5 -150.5 -150.5
  (033) -150.5 -118.5 -118.5 -117.5  -119.5 -121.5 -122.5 -123.0
  (041) -123.0 -121.5 -121.5 -116.0  -119.0 -119.5 -116.0 -111.5
  (049) -114.0 -114.0 -113.0 -113.0  -110.5 -106.5 -110.0 -109.0
  (057) -108.5 -103.5 -103.0 -103.5  -107.0 -107.5 -106.5 -109.0
  (065) -106.0 -104.5 -108.5 -108.5  -108.5 -108.5 -107.0 -106.0
  (073) -107.5 -112.0 -112.0 -113.0  -111.5 -110.5 -114.5 -115.5
  (081) -115.5 -115.5 -111.0 -111.5  -112.5 -111.0 -108.5 -105.5
  (089)  -99.5 -101.0 -105.5 -106.0  -105.5 -102.0  -98.0 -100.5
  (097) -105.0 -104.0 -104.5 -101.5   -99.0 -100.5 -105.0 -104.5
  (105) -105.5 -102.5 -101.5 -104.0  -107.0 -108.5 -108.5 -106.0
  (113) -106.5 -108.5 -111.0 -109.5  -113.5 -112.0 -113.0 -115.5
  (121) -117.5 -118.0 -119.0 -119.0  -120.0 -121.0 -120.0 -119.0

  (129) -118.5 -115.0 -114.5 -119.5  -119.5 -116.0 -118.0 -116.5
  (137) -117.0 -117.0 -116.0 -116.5  -115.5 -115.5 -115.5 -116.0
  (145) -112.5 -116.0 -116.5 -117.5  -118.0 -118.0 -117.5 -117.0
  (153) -116.0 -116.0 -115.5 -117.0  -117.0 -117.0 -114.0 -117.5
  (161) -120.5 -122.0 -123.0 -123.5  -124.0 -125.5 -125.0 -124.5
  (169) -125.5 -125.0 -123.5 -124.5  -122.5 -120.0 -121.5 -122.0
  (177) -121.5 -121.0 -122.0 -121.0  -120.0 -120.0 -118.5 -119.5
  (185) -120.5 -120.0 -118.0 -115.5  -118.5 -119.5 -121.0 -121.5
  (193) -123.5 -122.0 -122.5 -123.0  -125.5 -125.0 -125.5 -125.0
  (201) -125.5 -122.0 -122.5 -126.0  -126.5 -125.5 -125.5 -126.0
  (209) -128.5 -128.0 -128.0 -125.0  -127.5 -127.0 -128.0 -125.0
  (217) -123.0 -127.0 -129.5 -128.5  -128.5 -129.0 -129.0 -127.0
  (225) -129.5 -128.0 -130.0 -128.0  -126.5 -125.5 -124.0 -124.5
  (233) -127.5 -128.0 -127.0 -127.5  -129.0 -128.0 -130.5 -130.5
  (241) -129.5 -129.5 -130.5 -129.5  -131.0 -129.0 -130.0 -132.0
  (249) -132.0 -131.0 -132.5 -132.5  -130.5 -133.0 -133.0 -132.0

  (257) -130.0 -128.0 -130.5 -132.5  -133.5 -132.5 -134.0 -133.5
  (265) -132.0 -133.0 -131.5 -132.0  -133.0 -132.0 -130.5 -132.0
  (273) -130.0 -130.5 -130.0 -129.5  -129.5 -131.5 -129.5 -131.0
  (281) -131.0 -130.5 -131.5 -131.0  -131.5 -133.0 -133.5 -132.0
  (289) -133.5 -134.5 -134.0 -135.5  -134.5 -133.0 -135.0 -135.5
  (297) -135.0 -136.0 -134.5 -132.5  -135.5 -133.5 -132.0 -133.0
  (305) -133.5 -131.5 -134.5 -135.0  -133.0 -133.5 -132.5 -131.0
  (313) -133.5 -133.0 -132.5 -131.5  -130.5 -129.5 -133.5 -132.5
  (321) -132.0 -132.0 -132.0 -132.0  -134.5 -133.5 -132.5 -133.0
  (329) -132.5 -134.0 -132.0 -130.5  -132.5 -134.0 -131.5 -135.0
  (337) -136.0 -134.0 -134.5 -135.0  -133.0 -135.5 -134.0 -134.5
  (345) -133.0 -132.5 -131.5 -137.0  -136.5 -135.0 -136.5 -137.0
  (353) -135.0 -137.0 -136.5 -135.0  -136.5 -136.5 -133.5 -132.5
  (361) -132.0 -133.5 -134.5 -134.0  -134.0 -135.5 -134.5 -133.0
  (369) -135.0 -133.5 -135.0 -136.0  -134.5 -131.0 -132.5 -133.5
  (377) -136.0 -137.5 -136.5 -136.0  -137.5 -137.0 -138.5 -138.0

  (385) -137.5 -137.0 -138.0 -134.5  -133.5 -133.5 -136.5 -135.5
  (393) -137.0 -135.5 -137.5 -138.0  -136.5 -136.0 -136.5 -135.5
  (401) -137.5 -136.5 -134.5 -133.5  -136.5 -136.0 -137.5 -137.0
  (409) -137.0 -137.5 -137.5 -137.0  -138.0 -138.0 -137.0 -137.0
  (417) -134.5 -133.5 -136.0 -137.5  -137.0 -137.5 -136.5 -137.5
  (425) -139.0 -138.0 -137.0 -136.0  -132.0 -137.5 -138.0 -137.5
  (433) -136.5 -138.0 -136.5 -137.5  -139.0 -137.5 -138.5 -137.5
  (441) -137.0 -138.5 -139.0 -138.0  -137.5 -137.5 -137.5 -138.5
  (449) -139.0 -139.0 -138.5 -138.5  -138.5 -139.0 -139.0 -138.5
  (457) -139.0 -138.5 -139.0 -138.0  -137.5 -137.5 -138.0 -137.5
  (465) -139.0 -138.5 -139.0 -138.0  -138.5 -138.0 -139.5 -139.5
  (473) -139.0 -139.0 -138.5 -129.0  -139.0 -140.0 -139.5 -138.5
  (481) -139.5 -138.5 -140.0 -139.5  -140.5 -139.5 -139.0 -139.0
  (489) -139.0 -139.5 -139.0 -139.0  -139.0 -139.0 -139.5 -139.5
  (497) -139.5 -139.5 -140.0 -139.5  -140.0 -139.5 -139.5 -139.5
  (505) -139.0 -139.5 -139.0 -139.0  -140.5 -140.0 -140.0 -138.0

VES1724-56# 7 
7VES1724-56# 7 
7VES1724-56# 7 
7VES1724-56# 7 
7VES1724-56# 7 
7VES1724-56# 7