Copyright (c) 1994 - 2014 ZyXEL Communications Corp.
VES1724-56# 7show vdsl-status subcarrier snr 23 2
777777777777777777777777777777777777   
  VDSL status sub-carrier SNR(dBm/Hz):
  port 23 Down Stream, group size: 1
           01    02    03    04     05    06    07    08
  ------------------------------------------------------
  (001)   0.0   0.0   0.0   0.0    0.0   0.0   0.0   0.0
  (009)   0.0   0.0   0.0   0.0    0.0   0.0   0.0   0.0
  (017)   0.0   0.0   0.0   0.0    0.0   0.0   0.0   0.0
  (025)   0.0   0.0   0.0   0.0    0.0   0.0   0.0   0.0
  (033)   0.0  29.0  33.5  38.0   41.0  42.5  43.0  43.0
  (041)  43.0  40.5  42.5  38.5   45.0  46.5  46.0  43.5
  (049)  47.0  47.5  48.0  47.5   46.5  44.5  48.5  49.0
  (057)  48.5  46.0  47.0  47.5   50.0  49.0  48.0  48.0
  (065)  45.5  44.0  47.0  46.0   45.0  43.5  40.0  39.0
  (073)  39.0  42.0  41.0  40.0   37.0  37.5  38.5  38.5
  (081)  37.5  37.0  32.5  32.5   34.5  35.0  33.5  31.5
  (089)  27.0  27.5  32.5  34.5   34.5  31.5  30.0  33.0
  (097)  37.5  39.5  41.0  40.5   41.0  43.0  45.5  45.5
  (105)  44.0  40.0  38.0  38.5   40.0  39.0  38.0  34.0
  (113)  34.0  35.0  36.0  34.5   36.0  34.5  34.5  36.0
  (121)  37.0  37.5  37.5  37.0   37.5  38.5  39.5  38.5

  (129)  37.5  35.0  37.0  40.0   41.0  41.0  41.0  41.5
  (137)  42.0  43.0  43.5  44.0   45.0  45.5  46.5  46.5
  (145)  47.0  47.5  47.5  47.0   46.5  46.0  45.5  43.0
  (153)  42.0  41.5  40.0  39.5   39.0  37.0  34.0  38.0
  (161)  38.0  39.0  40.5  40.0   39.5  39.5  39.5  40.0
  (169)  40.5  40.5  40.5  40.0   37.0  39.0  41.5  41.5
  (177)  41.0  41.5  41.5  43.0   43.0  42.5  43.0  43.5
  (185)  44.5  46.0  45.0  44.5   46.5  47.0  46.5  46.0
  (193)  45.0  44.0  44.0  42.5   42.0  42.5  42.5  42.0
  (201)  40.5  36.5  41.0  41.0   40.5  39.0  40.0  38.0
  (209)  40.0  40.0  39.0  38.5   39.0  37.5  39.0  36.0
  (217)  38.0  40.0  40.5  40.0   42.5  42.5  42.5  42.5
  (225)  42.5  42.0  42.5  40.5   42.5  42.0  41.5  42.0
  (233)  42.0  42.0  41.5  41.5   41.5  41.0  41.5  41.0
  (241)  40.5  40.5  40.0  40.0   39.5  40.0  40.0  40.0
  (249)  39.5  39.5  39.5  39.0   39.0  39.5  39.0  39.0

  (257)  40.0  39.5  38.5  39.0   39.0  39.5  40.0  40.0
  (265)  40.0  40.5  40.0  40.0   40.0  40.0  40.0  40.0
  (273)  40.0  40.0  40.0  40.0   40.0  40.0  39.5  39.5
  (281)  39.5  39.5  39.0  39.5   38.5  39.0  39.5  39.0
  (289)  39.0  39.0  37.5  39.0   38.5  33.5  33.5  37.5
  (297)  37.5  39.0  39.0  39.0   38.5  37.5  37.0  39.0
  (305)  38.5  39.0  38.5  38.5   37.5  39.0  39.0  39.0
  (313)  39.0  39.0  38.5  39.0   38.5  39.0  39.0  39.0
  (321)  38.5  38.5  38.0  38.0   38.0  37.5  37.5  37.5
  (329)  37.0  36.5  35.5  35.5   36.0  36.5  34.0  36.0
  (337)  36.0  35.0  35.5  35.0   33.5  35.0  35.0  33.5
  (345)  33.0  33.0  34.0  34.5   34.5  34.0  34.5  34.5
  (353)  34.5  34.5  34.5  34.0   34.0  34.0  33.5  34.0
  (361)  34.0  34.0  33.5  33.5   33.5  33.5  33.0  33.0
  (369)  32.5  32.5  32.5  32.5   32.0  31.0  31.5  32.0
  (377)  32.0  32.0  31.5  31.5   31.5  31.5  31.0  31.0

  (385)  31.0  31.0  30.5  30.0   30.0  30.5  30.5  30.5
  (393)  30.5  30.5  30.5  30.5   30.5  30.0  30.0  30.0
  (401)  30.0  29.5  29.5  30.0   30.0  30.0  30.0  30.0
  (409)  30.0  30.0  30.0  30.0   29.5  30.0  29.5  29.0
  (417)  29.0  27.5  29.0  29.0   29.0  29.0  29.5  29.0
  (425)  29.0  29.0  28.5  28.5   28.0  28.5  28.5  28.5
  (433)  28.0  28.5  28.5  28.5   28.5  28.5  28.0  28.5
  (441)  28.0  28.5  28.5  28.5   28.0  28.5  28.5  28.5
  (449)  28.5  28.0  28.0  28.0   28.0  27.5  27.0  27.5
  (457)  27.5  27.0  27.5  27.0   27.0  26.5  25.5  26.0
  (465)  26.0  26.0  26.0  25.5   25.0  25.5  26.0  25.5
  (473)  25.0  24.0  22.0   0.0   23.0  23.5  24.0  24.0
  (481)  24.0  23.0  24.0  23.0   22.5  22.5  22.5  22.5
  (489)  22.5  22.0  21.5  21.5   21.0  21.0  21.0  21.0
  (497)  20.5  20.0  20.5  20.5   20.0  19.5  19.5  19.5
  (505)  19.5  19.0  19.0  18.5   19.0  19.0  17.5   0.0

VES1724-56# 7 
7VES1724-56# 7 
7VES1724-56# 7 
7VES1724-56# 7 
7VES1724-56# 7 
7VES1724-56# 7