Copyright (c) 1994 - 2014 ZyXEL Communications Corp.
VES1724-56# 7show vdsl-status subcarrier hlog 23 2
7777777777777777777777777777777777777   
  VDSL status sub-carrier Hlog(dB/Hz):
  port 23 Down Stream, group size: 1
           01    02    03    04     05    06    07    08
  ------------------------------------------------------
  (001) -96.0 -96.0 -96.0 -96.0  -96.0 -96.0 -96.0 -96.0
  (009) -96.0 -96.0 -96.0 -96.0  -96.0 -96.0 -96.0 -96.0
  (017) -96.0 -96.0 -96.0 -96.0  -96.0 -96.0 -96.0 -96.0
  (025) -96.0 -96.0 -96.0 -96.0  -96.0 -96.0 -96.0 -96.0
  (033) -30.4 -29.9 -29.5 -29.1  -28.8 -28.6 -28.2 -27.9
  (041) -27.6 -27.4 -27.3 -27.2  -27.2 -26.9 -26.7 -26.5
  (049) -26.5 -26.4 -26.5 -26.6  -26.5 -26.5 -26.5 -26.6
  (057) -26.7 -26.9 -27.0 -27.3  -27.5 -27.6 -27.9 -28.1
  (065) -28.3 -28.5 -28.8 -29.0  -29.2 -29.5 -29.8 -30.0
  (073) -30.3 -30.5 -30.8 -31.0  -31.3 -31.5 -31.8 -32.0
  (081) -32.2 -32.5 -32.8 -33.0  -33.3 -33.5 -33.7 -34.0
  (089) -34.2 -34.5 -34.7 -34.9  -35.2 -35.4 -35.6 -35.9
  (097) -36.1 -36.3 -36.5 -36.8  -37.0 -37.2 -37.4 -37.6
  (105) -37.8 -38.1 -38.3 -38.5  -38.7 -38.9 -39.1 -39.3
  (113) -39.5 -39.7 -40.0 -40.1  -40.3 -40.5 -40.7 -40.9
  (121) -41.1 -41.3 -41.5 -41.7  -41.9 -42.0 -42.2 -42.5

  (129) -42.6 -42.8 -43.0 -43.1  -43.3 -43.5 -43.7 -43.9
  (137) -44.0 -44.2 -44.4 -44.6  -44.7 -45.0 -45.1 -45.2
  (145) -45.4 -45.6 -45.8 -45.9  -46.1 -46.3 -46.5 -46.6
  (153) -46.8 -47.0 -47.1 -47.2  -47.4 -47.6 -47.7 -47.9
  (161) -48.0 -48.1 -48.3 -48.5  -48.6 -48.8 -49.0 -49.1
  (169) -49.3 -49.5 -49.6 -49.8  -49.8 -50.0 -50.2 -50.3
  (177) -50.5 -50.6 -50.8 -50.9  -51.0 -51.1 -51.3 -51.4
  (185) -51.6 -51.8 -52.0 -52.0  -52.2 -52.3 -52.5 -52.6
  (193) -52.8 -53.0 -53.0 -53.2  -53.3 -53.5 -53.6 -53.7
  (201) -53.8 -53.9 -54.1 -54.2  -54.4 -54.5 -54.6 -54.8
  (209) -55.0 -55.0 -55.1 -55.3  -55.5 -55.6 -55.7 -55.9
  (217) -56.0 -56.2 -56.3 -56.5  -56.6 -56.6 -56.8 -57.0
  (225) -57.1 -57.3 -57.5 -57.6  -57.8 -57.9 -58.0 -58.1
  (233) -58.3 -58.5 -58.6 -58.6  -58.8 -59.0 -59.1 -59.3
  (241) -59.5 -59.5 -59.6 -59.8  -60.0 -60.1 -60.3 -60.5
  (249) -60.6 -60.7 -60.8 -61.0  -61.0 -61.2 -61.4 -61.6

  (257) -61.7 -61.7 -61.9 -62.0  -62.2 -62.3 -62.4 -62.6
  (265) -62.6 -62.8 -62.8 -63.1  -63.1 -63.5 -63.5 -63.6
  (273) -63.8 -63.9 -64.0 -64.1  -64.1 -64.4 -64.6 -64.6
  (281) -64.6 -65.0 -65.1 -65.0  -65.2 -65.6 -65.3 -65.6
  (289) -65.6 -66.0 -66.0 -66.1  -66.5 -66.2 -66.4 -66.8
  (297) -66.7 -66.9 -67.1 -67.1  -67.5 -67.4 -67.5 -67.6
  (305) -67.7 -67.8 -68.1 -68.2  -68.2 -68.5 -68.5 -68.5
  (313) -68.8 -69.0 -69.1 -69.2  -69.1 -69.4 -69.7 -69.6
  (321) -69.6 -69.8 -70.0 -70.1  -70.3 -70.6 -70.3 -70.5
  (329) -70.8 -70.8 -71.3 -71.1  -71.1 -71.2 -71.5 -71.7
  (337) -71.8 -71.8 -71.6 -72.3  -72.1 -72.2 -72.3 -72.5
  (345) -72.6 -73.1 -73.1 -73.1  -73.2 -73.1 -73.5 -73.3
  (353) -73.9 -73.7 -73.8 -74.1  -74.1 -74.3 -74.1 -74.6
  (361) -74.8 -74.6 -75.0 -75.0  -74.8 -74.8 -75.3 -74.8
  (369) -75.4 -75.1 -75.3 -76.0  -75.7 -76.1 -75.6 -75.9
  (377) -76.3 -76.2 -76.5 -76.5  -76.8 -76.8 -76.7 -76.8

  (385) -77.3 -78.0 -77.6 -77.6  -78.1 -77.3 -78.3 -77.7
  (393) -78.3 -77.8 -96.0 -78.0  -96.0 -77.4 -96.0 -96.0
  (401) -96.0 -96.0 -96.0 -96.0  -96.0 -96.0 -96.0 -96.0
  (409) -96.0 -96.0 -96.0 -96.0  -96.0 -96.0 -96.0 -96.0
  (417) -96.0 -96.0 -96.0 -96.0  -96.0 -96.0 -96.0 -96.0
  (425) -96.0 -96.0 -96.0 -96.0  -96.0 -96.0 -96.0 -96.0
  (433) -96.0 -96.0 -96.0 -96.0  -96.0 -96.0 -96.0 -96.0
  (441) -96.0 -96.0 -96.0 -96.0  -96.0 -96.0 -96.0 -96.0
  (449) -96.0 -96.0 -96.0 -96.0  -96.0 -96.0 -96.0 -96.0
  (457) -96.0 -96.0 -96.0 -96.0  -96.0 -96.0 -96.0 -96.0
  (465) -96.0 -96.0 -96.0 -96.0  -96.0 -96.0 -96.0 -96.0
  (473) -96.0 -96.0 -96.0 -96.0  -96.0 -96.0 -96.0 -96.0
  (481) -96.0 -96.0 -96.0 -96.0  -96.0 -96.0 -96.0 -96.0
  (489) -96.0 -96.0 -96.0 -96.0  -96.0 -96.0 -96.0 -96.0
  (497) -96.0 -96.0 -96.0 -96.0  -96.0 -96.0 -96.0 -96.0
  (505) -96.0 -96.0 -96.0 -96.0  -96.0 -96.0 -96.0 -96.0

VES1724-56# 7 
7VES1724-56# 7