Copyright (c) 1994 - 2014 ZyXEL Communications Corp.
VES1724-56# 7show vdsl-status subcarrier qln 23 2
777777777777777777777777777777777777   
  VDSL status sub-carrier QLN(dBm/Hz):
  port 23 Down Stream, group size: 1
            01     02     03     04      05     06     07     08
  --------------------------------------------------------------
  (001) -150.5 -150.5 -150.5 -150.5  -150.5 -150.5 -150.5 -150.5
  (009) -150.5 -150.5 -150.5 -150.5  -150.5 -150.5 -150.5 -150.5
  (017) -150.5 -150.5 -150.5 -150.5  -150.5 -150.5 -150.5 -150.5
  (025) -150.5 -150.5 -150.5 -150.5  -150.5 -150.5 -150.5 -150.5
  (033) -150.5 -135.0 -135.5 -136.0  -137.5 -138.5 -138.0 -139.0
  (041) -137.5 -139.0 -139.5 -139.0  -139.0 -139.0 -138.5 -138.0
  (049) -140.0 -140.0 -141.0 -141.0  -141.0 -140.5 -139.0 -138.5
  (057) -139.5 -139.5 -140.5 -141.5  -142.0 -142.0 -141.5 -139.5
  (065) -138.5 -140.0 -140.0 -142.5  -142.5 -142.5 -143.0 -141.5
  (073) -140.5 -139.5 -140.0 -141.5  -142.5 -143.0 -143.5 -140.5
  (081) -142.5 -142.0 -141.0 -142.0  -142.0 -142.0 -143.0 -144.0
  (089) -144.5 -142.5 -141.0 -140.0  -139.5 -140.5 -140.5 -142.0
  (097) -142.0 -142.0 -141.5 -140.5  -139.5 -139.0 -140.0 -140.5
  (105) -141.0 -143.0 -142.5 -142.0  -143.0 -142.5 -143.0 -143.5
  (113) -143.5 -139.0 -141.5 -145.0  -146.0 -146.5 -146.5 -145.5
  (121) -144.5 -145.5 -145.0 -144.0  -144.0 -143.0 -143.0 -142.5

  (129) -140.5 -140.0 -140.0 -139.5  -138.0 -137.5 -137.5 -137.0
  (137) -137.0 -136.0 -137.0 -138.5  -139.5 -140.0 -140.0 -140.0
  (145) -141.0 -141.0 -141.0 -142.0  -143.5 -145.5 -145.5 -146.0
  (153) -146.0 -147.0 -146.0 -145.5  -145.5 -146.0 -146.5 -146.0
  (161) -146.0 -142.5 -146.5 -147.0  -147.0 -147.5 -147.0 -147.0
  (169) -146.5 -146.5 -146.5 -147.0  -146.0 -141.5 -145.0 -146.5
  (177) -147.0 -147.0 -146.5 -146.5  -145.5 -147.0 -147.0 -146.5
  (185) -146.5 -147.0 -147.5 -147.0  -146.0 -146.0 -146.0 -146.0
  (193) -146.0 -145.5 -145.5 -145.0  -145.5 -144.5 -144.5 -144.5
  (201) -143.5 -143.5 -144.5 -143.0  -144.5 -144.5 -144.0 -144.0
  (209) -143.5 -143.5 -143.5 -142.5  -143.5 -145.0 -144.0 -144.0
  (217) -144.0 -144.5 -143.5 -143.5  -143.0 -144.0 -144.5 -144.0
  (225) -144.5 -144.0 -144.0 -141.0  -143.0 -143.0 -143.5 -144.0
  (233) -143.5 -144.0 -143.5 -143.5  -143.5 -143.0 -142.5 -143.0
  (241) -143.0 -143.5 -143.5 -143.5  -143.5 -144.0 -143.0 -143.0
  (249) -144.0 -144.0 -144.0 -143.5  -144.5 -144.0 -145.0 -144.0

  (257) -144.0 -145.0 -145.0 -144.0  -145.5 -146.0 -145.0 -144.5
  (265) -145.5 -144.5 -145.0 -145.5  -145.0 -145.0 -146.0 -146.0
  (273) -145.5 -145.5 -145.0 -146.0  -146.0 -146.0 -145.5 -146.5
  (281) -146.5 -146.5 -146.5 -147.5  -147.0 -147.0 -147.5 -147.5
  (289) -147.5 -148.0 -148.0 -147.5  -146.0 -140.5 -140.0 -146.5
  (297) -147.5 -148.5 -147.5 -148.0  -148.5 -149.0 -149.5 -148.5
  (305) -149.5 -149.0 -148.5 -149.5  -149.5 -149.5 -149.0 -149.0
  (313) -149.0 -148.5 -148.5 -149.5  -149.5 -148.5 -149.0 -149.5
  (321) -149.0 -148.5 -148.5 -148.0  -149.0 -148.5 -149.0 -148.0
  (329) -148.0 -148.5 -149.0 -148.0  -148.0 -147.5 -147.5 -147.5
  (337) -148.0 -148.0 -147.5 -148.0  -144.5 -147.5 -147.0 -147.5
  (345) -147.0 -147.5 -147.0 -147.0  -146.5 -147.5 -147.5 -147.0
  (353) -147.0 -146.5 -147.0 -146.5  -146.5 -146.0 -146.5 -146.5
  (361) -146.0 -146.0 -145.0 -146.5  -146.0 -146.0 -145.5 -145.5
  (369) -145.5 -145.5 -144.5 -145.0  -146.0 -145.5 -145.5 -145.0
  (377) -145.5 -145.5 -145.5 -144.5  -144.5 -146.0 -145.5 -145.5

  (385) -145.5 -145.5 -145.5 -145.5  -144.5 -144.5 -145.5 -145.5
  (393) -145.0 -146.0 -145.5 -145.0  -145.0 -145.5 -145.0 -145.5
  (401) -145.5 -145.0 -145.5 -145.0  -145.5 -145.5 -145.0 -145.0
  (409) -146.0 -146.0 -146.5 -146.0  -146.0 -145.5 -146.0 -146.5
  (417) -146.5 -147.0 -146.5 -147.0  -147.0 -146.5 -147.0 -146.5
  (425) -146.5 -147.0 -146.5 -148.0  -147.5 -147.5 -147.0 -147.5
  (433) -147.5 -148.0 -147.5 -147.0  -148.0 -148.5 -148.5 -147.5
  (441) -147.5 -148.5 -148.5 -148.0  -149.0 -149.0 -149.0 -148.5
  (449) -149.0 -149.0 -148.5 -149.0  -149.0 -148.5 -147.5 -149.5
  (457) -149.5 -148.5 -149.5 -150.5  -150.0 -150.0 -149.5 -149.5
  (465) -150.0 -150.5 -150.0 -149.0  -149.0 -150.0 -149.0 -150.0
  (473) -149.0 -148.5 -146.0 -130.0  -147.0 -149.0 -148.5 -149.0
  (481) -149.5 -149.0 -149.0 -148.5  -149.0 -148.5 -149.0 -149.5
  (489) -149.5 -149.0 -149.0 -149.0  -149.5 -148.5 -149.0 -148.5
  (497) -148.5 -148.5 -148.5 -148.0  -148.5 -148.0 -147.5 -148.0
  (505) -148.5 -148.0 -149.0 -148.0  -148.0 -148.0 -148.0 -147.5

VES1724-56# 7 
7VES1724-56# 7 
7VES1724-56# 7 
7VES1724-56# 7 
7VES1724-56# 7 
7VES1724-56# 7