Copyright (c) 1994 - 2014 ZyXEL Communications Corp.
VES1724-56# 7show vdsl-status subcarrier snr 23 2
777777777777777777777777777777777777   
  VDSL status sub-carrier SNR(dBm/Hz):
  port 23 Down Stream, group size: 1
           01    02    03    04     05    06    07    08
  ------------------------------------------------------
  (001)   0.0   0.0   0.0   0.0    0.0   0.0   0.0   0.0
  (009)   0.0   0.0   0.0   0.0    0.0   0.0   0.0   0.0
  (017)   0.0   0.0   0.0   0.0    0.0   0.0   0.0   0.0
  (025)   0.0   0.0   0.0   0.0    0.0   0.0   0.0   0.0
  (033)   0.0  40.0  41.0  42.5   43.0  43.5  44.0  44.5
  (041)  44.5  45.5  45.5  46.0   46.5  46.5  47.0  47.5
  (049)  48.0  49.0  49.5  50.0   50.5  50.0  48.5  48.5
  (057)  48.5  49.0  50.0  50.5   50.5  50.5  49.5  48.0
  (065)  47.5  47.5  48.0  50.0   51.0  51.0  50.5  49.0
  (073)  47.0  46.5  47.0  47.5   49.0  50.0  50.5  47.5
  (081)  48.0  47.0  46.0  46.0   46.0  47.0  48.0  48.5
  (089)  47.5  45.5  43.5  43.0   42.5  42.5  43.0  44.0
  (097)  45.0  44.0  42.0  41.0   40.0  39.5  39.0  39.5
  (105)  41.5  42.5  43.0  42.0   41.5  42.0  42.0  42.0
  (113)  42.5  38.0  40.5  44.0   44.5  44.0  44.0  43.5
  (121)  42.5  42.0  41.0  41.0   40.0  39.0  37.5  37.0

  (129)  36.0  35.5  34.5  33.5   33.0  32.5  31.0  30.5
  (137)  30.5  30.5  31.5  31.5   32.5  33.0  33.0  33.0
  (145)  33.0  33.5  34.0  35.0   35.5  36.5  37.0  37.5
  (153)  38.0  37.5  37.5  37.0   37.0  37.0  36.5  36.5
  (161)  36.0  33.0  36.5  37.0   37.0  37.0  37.0  36.0
  (169)  35.5  35.0  34.5  35.0   34.5  34.0  35.0  35.5
  (177)  35.0  34.5  34.0  34.0   33.5  33.5  34.0  34.0
  (185)  34.0  34.0  33.5  33.0   32.5  32.0  32.0  32.0
  (193)  31.5  31.5  31.0  30.5   30.0  29.0  29.0  28.5
  (201)  28.5  28.5  28.5  28.5   28.0  27.5  27.0  27.0
  (209)  27.0  27.0  27.0  27.0   27.0  27.0  26.5  26.0
  (217)  26.0  26.0  26.0  26.5   26.0  26.0  26.0  25.0
  (225)  25.0  25.0  24.5  22.0   24.5  24.5  24.5  24.0
  (233)  24.0  23.0  23.0  23.0   23.0  23.0  22.5  22.5
  (241)  22.5  22.5  22.0  22.0   22.0  22.0  22.0  22.0
  (249)  22.0  22.0  22.0  21.5   21.5  22.0  21.5  22.0

  (257)  21.5  21.5  21.5  21.5   21.5  21.0  21.0  21.0
  (265)  21.0  21.0  21.0  20.5   20.5  20.5  20.5  20.5
  (273)  20.5  20.5  20.5  20.5   20.5  20.5  20.5  20.5
  (281)  20.5  20.5  19.5  20.5   20.0  20.5  20.5  20.5
  (289)  20.5  20.0  20.0  20.0   18.5  13.5  12.5  18.5
  (297)  19.5  20.0  20.0  20.5   20.0  19.5  20.0  20.0
  (305)  20.0  20.0  19.5  19.5   19.5  20.0  19.5  19.0
  (313)  18.5  19.0  19.0  18.5   18.5  18.0  18.0  18.5
  (321)  18.0  17.5  17.5  17.0   17.0  17.0  16.5  16.5
  (329)  16.5  16.0  16.0  15.5   15.5  15.5  15.0  15.0
  (337)  15.0  14.5  14.0  14.0   11.5  14.0  13.5  13.5
  (345)  13.0  13.5  13.0  12.5   12.5  12.5  12.5  12.0
  (353)  12.0  11.5  11.5  11.5   11.0  11.0  10.5  10.0
  (361)  10.5  10.0   9.0  10.0   10.0   9.5   9.5   9.5
  (369)   9.5   9.0   9.5   8.5    8.5   8.5   7.5   6.0
  (377)   8.0   8.0   8.0   7.5    0.0   0.0   0.0   0.0

  (385)   0.0   0.0   0.0   0.0    0.0   0.0   0.0   0.0
  (393)   0.0   0.0   0.0   0.0    0.0   0.0   0.0   0.0
  (401)   0.0   0.0   0.0   0.0    0.0   0.0   0.0   0.0
  (409)   0.0   0.0   0.0   0.0    0.0   0.0   0.0   0.0
  (417)   0.0   0.0   0.0   0.0    0.0   0.0   0.0   0.0
  (425)   0.0   0.0   0.0   0.0    0.0   0.0   0.0   0.0
  (433)   0.0   0.0   0.0   0.0    0.0   0.0   0.0   0.0
  (441)   0.0   0.0   0.0   0.0    0.0   0.0   0.0   0.0
  (449)   0.0   0.0   0.0   0.0    0.0   0.0   0.0   0.0
  (457)   0.0   0.0   0.0   0.0    0.0   0.0   0.0   0.0
  (465)   0.0   0.0   0.0   0.0    0.0   0.0   0.0   0.0
  (473)   0.0   0.0   0.0   0.0    0.0   0.0   0.0   0.0
  (481)   0.0   0.0   0.0   0.0    0.0   0.0   0.0   0.0
  (489)   0.0   0.0   0.0   0.0    0.0   0.0   0.0   0.0
  (497)   0.0   0.0   0.0   0.0    0.0   0.0   0.0   0.0
  (505)   0.0   0.0   0.0   0.0    0.0   0.0   0.0   0.0

VES1724-56# 7 
7VES1724-56# 7 
7VES1724-56# 7 
7VES1724-56# 7 
7VES1724-56# 7 
7VES1724-56# 7